nnodes=1229
0.0000000000e+00   0.0000000000e+00   3.3847591396e-11   2.1135870831e-14
7.8363020227e-02   4.1108996579e-06   -1.2368595037e-10   -9.0885632353e-14
1.5672794828e-01   -1.9636250672e-05   -8.6141760391e-11   3.0488112035e-13
2.3508528205e-01   6.7499913619e-05   -3.8077097031e-11   -7.2287315023e-13
3.1331341262e-01   3.5172340990e-03   3.7002401143e-11   1.1636802633e-12
3.9160931349e-01   2.9822855970e-03   4.2412295898e-11   6.8985789303e-13
4.6931305732e-01   -5.9489513626e-03   3.4556357775e-11   -3.3070768346e-14
5.4450325567e-01   -2.7829241347e-02   5.0491166803e-11   4.3502007552e-13
6.1641703290e-01   -5.8695316959e-02   3.4991565201e-11   3.2524954952e-12
6.8253203937e-01   -1.0070932602e-01   2.9043434324e-12   -4.4878684102e-13
7.4677940463e-01   -1.4549774660e-01   8.8613560933e-12   3.3341385208e-14
8.0606361275e-01   -1.9674268770e-01   4.4408920985e-15   -9.6450625264e-16
8.6760045434e-01   -2.4522216206e-01   1.9779733407e-12   1.5348139426e-13
9.2709948492e-01   -2.9621214098e-01   4.8849813084e-14   1.4572371088e-13
9.8814590357e-01   -3.4532665447e-01   6.4037664060e-12   -8.1094853055e-14
1.0534124634e+00   -3.8861189857e-01   2.3483437417e-12   -5.1771087417e-14
1.1226434086e+00   -4.2510618308e-01   1.9022117215e-11   -4.0792369482e-13
1.1962871218e+00   -4.5187959341e-01   -6.0256688528e-11   1.9071411117e-12
1.2702443647e+00   -4.7780507056e-01   -5.0865978096e-12   -5.3494708663e-13
1.3464683249e+00   -4.9545644287e-01   1.4637180357e-12   1.5516060659e-13
1.4240214507e+00   -5.0636089200e-01   1.4257928171e-11   -1.4199058596e-13
1.5022295832e+00   -5.1130549639e-01   2.2083668227e-11   -1.0519363158e-13
1.5795889970e+00   -5.0100786935e-01   1.8424373138e-11   1.6743550990e-14
1.6549737998e+00   -4.7965314660e-01   -1.0436984610e-11   7.0704553323e-13
1.7296409862e+00   -4.5583197239e-01   -8.0628836940e-11   3.9430958498e-13
1.8013931027e+00   -4.2442073977e-01   -3.1320901428e-10   6.5082661482e-12
1.8686953118e+00   -3.8442579793e-01   -1.9492851777e-11   -1.9705952148e-11
1.9330032349e+00   -3.3963630783e-01   -2.7332802688e-11   -1.3891283956e-11
1.9932580386e+00   -2.8957244242e-01   1.5472068071e-12   -9.2103547011e-12
2.0531479406e+00   -2.3905225824e-01   6.1772809090e-12   -4.3260880989e-12
2.1143203369e+00   -1.9009574659e-01   7.5894845963e-12   -1.0445047605e-12
2.1747421878e+00   -1.4020016381e-01   1.3445244917e-11   -1.0830294994e-12
2.2373995905e+00   -9.3173380479e-02   -3.9288572395e-11   -5.9022300936e-12
2.3062451256e+00   -5.5994089364e-02   -6.0405014324e-12   5.9553403875e-12
2.3780279409e+00   -2.4556975903e-02   7.4380768211e-10   5.0546608565e-11
2.4521062065e+00   6.5148929378e-04   5.6129767501e-10   3.3647459818e-12
2.5301119541e+00   7.3662771042e-03   1.9155255160e-10   1.2254502968e-12
2.6084347740e+00   8.1911663770e-03   5.5936588694e-11   -7.5964234902e-13
2.6866988098e+00   4.1774869162e-03   2.1210588841e-11   3.3889557827e-13
2.7649097268e+00   -2.0863000817e-04   7.6427753015e-12   -2.2978147163e-13
2.8432735035e+00   6.0680569889e-05   6.9109162837e-12   4.9793502654e-14
2.9216366758e+00   -1.2703633609e-05   3.2418512319e-13   4.8017145815e-15
3.0000000000e+00   0.0000000000e+00   2.2948132283e-10   6.5364380575e-15
0.0000000000e+00   1.5428571429e-02   3.3347689681e+00   -9.1924654069e-03
7.8364953220e-02   1.5432682207e-02   3.4024088218e+00   -5.1701125646e-03
1.5672170741e-01   1.5408933916e-02   3.4339825829e+00   -2.6132679056e-03
2.3473676586e-01   1.5492134522e-02   3.4828643866e+00   5.9586918027e-03
3.1302616816e-01   1.8943131381e-02   3.9600897667e+00   9.4776266257e-02
3.9254424946e-01   1.8382503487e-02   3.9264001530e+00   -8.9216597621e-02
4.7236021713e-01   9.1757183335e-03   2.4034343015e+00   -2.3253280649e-01
5.4971105211e-01   -1.3306167549e-02   3.3939391027e-01   5.2773857971e-03
6.2362035099e-01   -4.5051526250e-02   -2.7451076804e-01   1.4330022603e-01
6.9108308236e-01   -8.7867189118e-02   -1.5178615431e-01   8.0163532928e-02
7.5624857958e-01   -1.3331679664e-01   -9.6089623634e-02   6.8228510539e-02
8.1588480951e-01   -1.8484374192e-01   -8.9248402283e-02   7.0106734092e-02
8.7739631726e-01   -2.3330235141e-01   -1.3605385016e-01   1.1465328740e-01
9.3695625055e-01   -2.8434264278e-01   -1.6917704043e-01   1.1616283204e-01
9.9725493437e-01   -3.3287408950e-01   -1.7134173796e-01   1.0729442258e-01
1.0612833965e+00   -3.7534203687e-01   -1.7651000294e-01   1.0925396334e-01
1.1288910049e+00   -4.1099915089e-01   -2.3588112877e-01   1.1311330144e-01
1.2014749431e+00   -4.3734937229e-01   -4.4978148611e-01   1.8498096700e-01
1.2745431432e+00   -4.6298746886e-01   -6.1273744233e-01   2.0753138511e-01
1.3492855156e+00   -4.8028725527e-01   -8.9210177816e-01   1.9930595390e-01
1.4255834589e+00   -4.9101159407e-01   -1.1798388494e+00   1.3613166099e-01
1.5016958883e+00   -4.9588615833e-01   -1.2092816652e+00   -1.1699092319e-02
1.5764604810e+00   -4.8589981837e-01   -1.4291657747e+00   -2.7950232077e-01
1.6505259921e+00   -4.6487959514e-01   -1.8826457648e+00   -5.2646570260e-01
1.7241953248e+00   -4.4139640562e-01   -1.8908523020e+00   -7.0141437542e-01
1.7943450644e+00   -4.1069609139e-01   -1.8959570189e+00   -9.5305073911e-01
1.8603400289e+00   -3.7145544465e-01   -1.8483795322e+00   -1.1280088188e+00
1.9236559730e+00   -3.2736155689e-01   -1.6219872250e+00   -1.0258222354e+00
1.9833540050e+00   -2.7774235642e-01   -1.2812024988e+00   -7.8212289948e-01
2.0433528995e+00   -2.2713177228e-01   -7.7524575187e-01   -5.2590843684e-01
2.1045878331e+00   -1.7812414741e-01   -5.4863948683e-02   -1.3102493615e-01
2.1651968946e+00   -1.2807876975e-01   9.9284219856e-01   6.0489743160e-01
2.2290802748e+00   -8.0179928212e-02   2.6112080722e+00   1.5524963659e+00
2.2994790606e+00   -4.2128261558e-02   3.8614786119e+00   1.6701459380e+00
2.3724430569e+00   -1.0174699052e-02   5.1704957803e+00   1.8707768673e+00
2.4489362181e+00   1.5750892922e-02   6.7878497964e+00   1.4690436830e+00
2.5293685808e+00   2.2776929668e-02   5.5355426345e+00   4.1376473070e-01
2.6087487810e+00   2.3616542092e-02   4.5329056699e+00   1.5911257023e-02
2.6875258543e+00   1.9583875647e-02   3.3258054963e+00   -9.4149311838e-02
2.7653153380e+00   1.5214608819e-02   2.6760070687e+00   -7.0522927700e-02
2.8432542163e+00   1.5489239943e-02   3.0221774670e+00   -3.2654250595e-02
2.9216426494e+00   1.5415866639e-02   3.2026441808e+00   -1.6564832083e-02
3.0000000000e+00   1.5428571429e-02   3.3350682612e+00   -9.1952350111e-03
0.0000000000e+00   3.2400000000e-02   5.7234983290e+00   -2.3102159894e-02
7.8367079928e-02   3.2404110645e-02   5.7543434455e+00   -1.5034901441e-02
1.5671522950e-01   3.2380361251e-02   5.7294422904e+00   -7.8218063934e-03
2.3435394029e-01   3.2459244834e-02   5.7338618137e+00   9.9026645657e-03
3.1271220378e-01   3.5911655598e-02   5.8721441021e+00   5.8171720334e-02
3.9357795681e-01   3.5322421930e-02   5.9968317091e+00   -1.0405945599e-01
4.7571277171e-01   2.5812718231e-02   5.1611459322e+00   -2.9051184095e-01
5.5543912268e-01   2.6693948950e-03   2.1799536098e+00   -1.5902234124e-01
6.3154161179e-01   -3.0042095381e-02   -6.5746920196e-02   1.4811859280e-01
7.0048668359e-01   -7.3739143544e-02   -3.6601661694e-01   1.8610231585e-01
7.6666470108e-01   -1.1991777426e-01   -2.7673131619e-01   2.1080751934e-01
8.2668666662e-01   -1.7175369720e-01   -2.2319044096e-01   2.0510216870e-01
8.8817158750e-01   -2.2019041261e-01   -2.8516890503e-01   2.7074488982e-01
9.4779979079e-01   -2.7128710668e-01   -3.3194717090e-01   2.8787765600e-01
1.0072764286e+00   -3.1917740954e-01   -3.4686899224e-01   2.6766038368e-01
1.0699432921e+00   -3.6074629794e-01   -4.2677177173e-01   2.7190684157e-01
1.1357614473e+00   -3.9548056820e-01   -5.7851797015e-01   3.0924643254e-01
1.2071802236e+00   -4.2136565676e-01   -8.7657223466e-01   4.0040898761e-01
1.2792733313e+00   -4.4668855145e-01   -1.1316699760e+00   4.1363567627e-01
1.3523831373e+00   -4.6360090973e-01   -1.4741982096e+00   3.7736209507e-01
1.4273081742e+00   -4.7412802973e-01   -1.7734410738e+00   2.4321420951e-01
1.5011119523e+00   -4.7892477848e-01   -1.8874542485e+00   -9.9687862282e-03
1.5730113148e+00   -4.6928257912e-01   -2.2026973760e+00   -3.5186095389e-01
1.6456313867e+00   -4.4862929588e-01   -2.5592999548e+00   -6.5224144096e-01
1.7182079149e+00   -4.2551621950e-01   -2.4864941448e+00   -8.8551844275e-01
1.7865911692e+00   -3.9559951907e-01   -2.3604585187e+00   -1.1909748297e+00
1.8511477738e+00   -3.5718898629e-01   -2.1066432940e+00   -1.4056225876e+00
1.9133731226e+00   -3.1385998751e-01   -1.7906627003e+00   -1.4431357582e+00
1.9724585092e+00   -2.6473014838e-01   -1.2509586815e+00   -1.3080937624e+00
2.0325783831e+00   -2.1401921398e-01   -5.0496090641e-01   -8.1660936766e-01
2.0938823194e+00   -1.6495519292e-01   4.1403872095e-01   -1.3639337831e-01
2.1547005975e+00   -1.1474246086e-01   1.5772363322e+00   6.4516021872e-01
2.2199298326e+00   -6.5886615254e-02   2.9987093549e+00   1.3041551099e+00
2.2920336495e+00   -2.6877188140e-02   4.3352014126e+00   1.5781544143e+00
2.3663094656e+00   5.6496001652e-03   5.5764320228e+00   1.7657421267e+00
2.4454489273e+00   3.2360173184e-02   7.0041784980e+00   1.3804777898e+00
2.5285397809e+00   3.9728108932e-02   7.0459980418e+00   6.1470982783e-01
2.6090930187e+00   4.0584479155e-02   6.6793739790e+00   1.5419692913e-01
2.6884355543e+00   3.6530905882e-02   6.1043046394e+00   -5.3080351819e-02
2.7657615097e+00   3.2180171542e-02   5.4681728460e+00   -9.1784262180e-02
2.8432322584e+00   3.2460654310e-02   5.5757618527e+00   -5.9984960347e-02
2.9216492163e+00   3.2387293939e-02   5.6622887558e+00   -3.6667956489e-02
3.0000000000e+00   3.2400000000e-02   5.7215730498e+00   -2.3070347466e-02
0.0000000000e+00   5.1068571429e-02   6.9351513638e+00   -2.4167487395e-02
7.8369419779e-02   5.1072681927e-02   6.8826696295e+00   -1.7372347794e-02
1.5670857502e-01   5.1048931493e-02   6.9165489940e+00   -1.0131491664e-02
2.3393349554e-01   5.1123081133e-02   6.8980044408e+00   4.5753347458e-03
3.1236924041e-01   5.4577076443e-02   6.8628005817e+00   2.2409082155e-02
3.9472120288e-01   5.3955954811e-02   6.9905966611e+00   -1.1051269949e-01
4.7940140820e-01   4.4113251556e-02   6.5424837490e+00   -2.6291726629e-01
5.6173940324e-01   2.0242727648e-02   4.5762625129e+00   -2.6152367723e-01
6.4025213557e-01   -1.3530210729e-02   1.0401051585e+00   1.0242336627e-02
7.1082767521e-01   -5.8196317181e-02   -3.8126977878e-01   2.3898689154e-01
7.7812243667e-01   -1.0517885115e-01   -4.6243148402e-01   3.4919154081e-01
8.3856697116e-01   -1.5735321377e-01   -4.1385424936e-01   3.7586858610e-01
9.0002416952e-01   -2.0576710305e-01   -4.6849757612e-01   4.4110457319e-01
9.5972903937e-01   -2.5692714194e-01   -5.1346445004e-01   4.3655852859e-01
1.0183019836e+00   -3.0411246035e-01   -5.7912225695e-01   4.3954700804e-01
1.0794715346e+00   -3.4469238394e-01   -6.7968837639e-01   4.5223084719e-01
1.1433166070e+00   -3.7840909721e-01   -8.7127859444e-01   5.1217681695e-01
1.2134543723e+00   -4.0378297726e-01   -1.1917934533e+00   5.9551877585e-01
1.2844784079e+00   -4.2876028506e-01   -1.5185682274e+00   6.1186691646e-01
1.3557888727e+00   -4.4524562368e-01   -1.8488210332e+00   5.2922713706e-01
1.4292136208e+00   -4.5555695458e-01   -2.0989298629e+00   3.2133654754e-01
1.5004735230e+00   -4.6026712677e-01   -2.2753681202e+00   2.4670311589e-02
1.5692073755e+00   -4.5100566459e-01   -2.4725750580e+00   -3.1688817129e-01
1.6402448250e+00   -4.3075471864e-01   -2.5145605093e+00   -6.0392577619e-01
1.7116252709e+00   -4.0804669297e-01   -2.4703837170e+00   -9.0634211380e-01
1.7780605694e+00   -3.7899396497e-01   -2.3036990353e+00   -1.1869469029e+00
1.8410344940e+00   -3.4149704152e-01   -1.8838534219e+00   -1.3086344675e+00
1.9020609449e+00   -2.9900905508e-01   -1.4182883896e+00   -1.3244363372e+00
1.9604721602e+00   -2.5041781118e-01   -7.5886756197e-01   -1.1551494141e+00
2.0207264502e+00   -1.9959537104e-01   -4.1191206182e-02   -7.1676752736e-01
2.0821065520e+00   -1.5046910087e-01   7.7918303648e-01   -1.8588802749e-01
2.1431588098e+00   -1.0006926431e-01   1.8814183376e+00   4.1086405557e-01
2.2098653163e+00   -5.0163349998e-02   3.1876282496e+00   1.0634146463e+00
2.2838405622e+00   -1.0102538186e-02   4.7081476404e+00   1.4216721270e+00
2.3595736863e+00   2.3060655160e-02   5.7814368858e+00   1.5235043992e+00
2.4416125358e+00   5.0630303432e-02   6.4830417826e+00   1.1534797740e+00
2.5276153868e+00   5.8373780138e-02   7.0692384696e+00   6.0747685311e-01
2.6094702330e+00   5.9249239227e-02   7.4376846432e+00   2.2295377826e-01
2.6894361837e+00   5.5172641312e-02   7.4090172089e+00   1.9593516139e-02
2.7662522977e+00   5.0842290563e-02   7.1659252388e+00   -4.9827065944e-02
2.8432071961e+00   5.1129208915e-02   7.1036578480e+00   -4.4095500922e-02
2.9216564350e+00   5.1055863972e-02   7.0633636728e+00   -3.1867212218e-02
3.0000000000e+00   5.1068571429e-02   6.9351658890e+00   -2.4179618219e-02
0.0000000000e+00   7.1604000000e-02   7.4819126666e+00   -2.0095926666e-02
7.8371994143e-02   7.1608110337e-02   7.3978935119e+00   -1.6040622310e-02
1.5670182911e-01   7.1584358957e-02   7.3542576380e+00   -1.1638048843e-02
2.3347181862e-01   7.1653319344e-02   7.2979516932e+00   -3.6577772073e-03
3.1199484468e-01   7.5109091796e-02   7.1140077018e+00   -7.2723098815e-03
3.9598596653e-01   7.4452398393e-02   7.4981810335e+00   -1.1126127937e-01
4.8345991288e-01   6.4243635716e-02   7.2996373715e+00   -2.3196863722e-01
5.6866900740e-01   3.9573646219e-02   5.8822164456e+00   -2.4717070361e-01
6.4983028767e-01   4.6346682648e-03   2.8614400630e+00   -1.6457724487e-01
7.2219931017e-01   -4.1096909439e-02   1.8676924932e-02   1.8115975887e-01
7.9072590618e-01   -8.8966004919e-02   -4.7557392561e-01   4.0621949819e-01
8.5163323836e-01   -1.4151097630e-01   -5.5543945858e-01   4.9729090152e-01
9.1306175091e-01   -1.8990124985e-01   -5.7901338141e-01   5.5482656484e-01
9.7285288705e-01   -2.4113257171e-01   -6.1828310024e-01   5.5251129294e-01
1.0304324386e+00   -2.8754273224e-01   -7.2068234754e-01   5.7137418708e-01
1.0899555904e+00   -3.2703485294e-01   -8.2519263072e-01   6.0832843512e-01
1.1516244554e+00   -3.5962922819e-01   -1.0268398359e+00   6.5931356127e-01
1.2203538435e+00   -3.8444128336e-01   -1.3451450216e+00   7.5243511494e-01
1.2902062753e+00   -4.0903985498e-01   -1.6367332131e+00   7.4428106198e-01
1.3595330592e+00   -4.2505441534e-01   -1.9589972335e+00   6.2743003687e-01
1.4313201710e+00   -4.3512985804e-01   -2.1496291524e+00   3.7770742725e-01
1.4997761235e+00   -4.3974354373e-01   -2.3179741502e+00   7.3511739196e-02
1.5650105020e+00   -4.3090367267e-01   -2.4338190534e+00   -2.6033358351e-01
1.6343165117e+00   -4.1109361673e-01   -2.3628353762e+00   -5.6581633539e-01
1.7043887421e+00   -3.8882856411e-01   -2.2217252143e+00   -8.4125146771e-01
1.7686752619e+00   -3.6072870203e-01   -1.8986991111e+00   -1.0438258871e+00
1.8299076354e+00   -3.2423735309e-01   -1.5548147977e+00   -1.2059862629e+00
1.8896162905e+00   -2.8267398842e-01   -1.1328335939e+00   -1.2530412870e+00
1.9472855682e+00   -2.3467558709e-01   -4.8897700914e-01   -1.0689806012e+00
2.0076893664e+00   -1.8372910892e-01   2.6667423602e-01   -7.3798499862e-01
2.0691535772e+00   -1.3453409947e-01   1.1917409853e+00   -2.3187184400e-01
2.1304676934e+00   -8.3924934272e-02   2.4289439192e+00   3.3547962025e-01
2.1987955154e+00   -3.2867011177e-02   3.5046701681e+00   8.4085255226e-01
2.2748245952e+00   8.3478321066e-03   4.9940218550e+00   1.2253026945e+00
2.3521770476e+00   4.2217731215e-02   6.1417835525e+00   1.3225999705e+00
2.4373920520e+00   7.0727351550e-02   7.1073259311e+00   1.0756028314e+00
2.5265840165e+00   7.8883292614e-02   7.5027310945e+00   5.8950773164e-01
2.6098833802e+00   7.9780511374e-02   7.7764822665e+00   2.4508157672e-01
2.6905368522e+00   7.5678551570e-02   7.6070047800e+00   5.4344085255e-02
2.7667921629e+00   7.1370621527e-02   7.6281009899e+00   -1.5958816672e-02
2.8431785138e+00   7.1664617456e-02   7.6019799148e+00   -2.8299331360e-02
2.9216643692e+00   7.1591291011e-02   7.6033787525e+00   -2.5272319362e-02
3.0000000000e+00   7.1604000000e-02   7.4817761298e+00   -2.0260651357e-02
0.0000000000e+00   9.4192971429e-02   7.9197013837e+00   -1.6978370285e-02
7.8374826531e-02   9.4197081588e-02   7.8718489514e+00   -1.8315569676e-02
1.5669510832e-01   9.4173329386e-02   7.8867406632e+00   -1.7836563921e-02
2.3296496959e-01   9.4236603744e-02   7.8331163747e+00   -1.3269958963e-02
3.1158642621e-01   9.7694370731e-02   7.9393276268e+00   -3.1615721945e-02
3.9738557661e-01   9.6997968287e-02   8.0747954721e+00   -1.1821972447e-01
4.8792548659e-01   8.6386812580e-02   7.5557887180e+00   -2.0683747312e-01
5.7629074165e-01   6.0837954278e-02   6.7513011574e+00   -2.2472921575e-01
6.6036216948e-01   2.4618188870e-02   5.1821438257e+00   -2.4543462112e-01
7.3470409657e-01   -2.2284893409e-02   1.1159434874e+00   2.2348405056e-02
8.0458962189e-01   -7.1131795745e-02   -2.9337781607e-01   3.7535696887e-01
8.6600367597e-01   -1.2408248947e-01   -5.8390488403e-01   5.5621951984e-01
9.2740277928e-01   -1.7244855563e-01   -6.4376001328e-01   6.4003286336e-01
9.8729119461e-01   -2.2376026890e-01   -7.1972187551e-01   6.6336117513e-01
1.0437788175e+00   -2.6931813900e-01   -8.0818148983e-01   6.7970456860e-01
1.1014918666e+00   -3.0761383444e-01   -9.3498053049e-01   7.1994008668e-01
1.1607596601e+00   -3.3896985583e-01   -1.1316878900e+00   7.9272436199e-01
1.2279406107e+00   -3.6316447455e-01   -1.4242887245e+00   8.7821957700e-01
1.2965097168e+00   -3.8734819171e-01   -1.6800646256e+00   8.3066636226e-01
1.3636489132e+00   -4.0284357619e-01   -1.9768341501e+00   6.9474013816e-01
1.4336509863e+00   -4.1266145956e-01   -2.1224181381e+00   4.2881915589e-01
1.4990150834e+00   -4.1716739597e-01   -2.1671918346e+00   1.0892639547e-01
1.5603778565e+00   -4.0879484579e-01   -2.2252046965e+00   -1.9470692555e-01
1.6277915196e+00   -3.8946756511e-01   -2.0405338172e+00   -4.9187261226e-01
1.6964340516e+00   -3.6768655548e-01   -1.8468697952e+00   -7.4341651649e-01
1.7583493505e+00   -3.4063797821e-01   -1.6138171161e+00   -9.6180642585e-01
1.8176652622e+00   -3.0525351975e-01   -1.2120661354e+00   -1.1103206121e+00
1.8759256519e+00   -2.6470657216e-01   -7.0767776504e-01   -1.1669393393e+00
1.9327783291e+00   -2.1736080604e-01   -6.6674304646e-02   -1.0210637606e+00
1.9933486257e+00   -1.6627617831e-01   7.4124587425e-01   -7.3450289604e-01
2.0549057628e+00   -1.1700522566e-01   1.5937287496e+00   -3.1933669136e-01
2.1165131370e+00   -6.6161714267e-02   2.6104925017e+00   1.6244976077e-01
2.1866201365e+00   -1.3840141284e-02   4.0358673358e+00   6.8656383193e-01
2.2649029827e+00   2.8641260503e-02   5.1570291658e+00   1.0206771647e+00
2.3440551799e+00   6.3296082530e-02   6.3585165506e+00   1.1361965725e+00
2.3884020748e+00   7.8065035747e-02   6.7490109116e+00   1.0724175685e+00
2.3947845498e+00   5.6472541383e-02   6.4924095103e+00   1.2940988426e+00
2.4327489698e+00   9.2833988963e-02   7.3416587086e+00   9.2078796795e-01
2.4790909522e+00   9.7138452850e-02   7.4487625450e+00   7.3831210102e-01
2.4819880342e+00   7.4805322082e-02   7.2920363832e+00   8.2544310367e-01
2.5254329345e+00   1.0144291674e-01   7.9472699448e+00   5.2651871686e-01
2.6103356340e+00   1.0236495506e-01   7.7117745615e+00   2.2870583417e-01
2.6917475918e+00   9.8235052626e-02   7.4738901461e+00   6.5587574711e-02
2.7673860121e+00   9.3951785655e-02   7.5705893962e+00   3.3559065770e-04
2.8431455958e+00   9.4253564900e-02   7.8068733252e+00   -1.3016071588e-02
2.9216730888e+00   9.4180260757e-02   7.8248203795e+00   -1.5825688755e-02
3.0000000000e+00   9.4192971429e-02   7.9205446866e+00   -1.7073272759e-02
0.0000000000e+00   1.1904084000e-01   8.1716865088e+00   -2.3164345842e-02
7.8377942799e-02   1.1904494996e-01   8.1576588878e+00   -2.4372544151e-02
1.5668856909e-01   1.1902119710e-01   8.0116574688e+00   -2.4023316675e-02
2.3240865703e-01   1.1907824396e-01   7.9809963401e+00   -2.1524258122e-02
3.1114123665e-01   1.2253825084e-01   8.1017574924e+00   -5.3946082190e-02
3.9893486581e-01   1.2179748997e-01   8.1978299786e+00   -1.1870825630e-01
4.4588697926e-01   1.1627074979e-01   8.1783068839e+00   -1.5928892715e-01
4.4265553160e-01   9.1692390433e-02   7.8162362256e+00   -1.6947923833e-01
4.9283909272e-01   1.1074400961e-01   7.9052839252e+00   -1.8626595923e-01
5.3875638218e-01   9.7486526581e-02   7.7045980893e+00   -2.0072437436e-01
5.3210811412e-01   7.3612383429e-02   7.2600597663e+00   -2.1057700781e-01
5.8467367164e-01   8.4229043549e-02   7.6884173248e+00   -2.1738321218e-01
6.2830802422e-01   6.5415833578e-02   7.2087977456e+00   -2.1790289562e-01
6.1832645556e-01   4.2728071574e-02   6.2814820106e+00   -2.4520577152e-01
6.7194237681e-01   4.6602623608e-02   6.3655855247e+00   -2.2751140778e-01
7.4845471494e-01   -1.5885877718e-03   2.9695136404e+00   -1.3930392280e-01
8.1983952126e-01   -5.1514019580e-02   3.5803325532e-01   2.5469272237e-01
8.8180824389e-01   -1.0490875209e-01   -3.9886037355e-01   5.1352868080e-01
9.4317753644e-01   -1.5325028463e-01   -5.8538961678e-01   6.3264628090e-01
1.0031759126e+00   -2.0465288007e-01   -7.1574672713e-01   7.0691984898e-01
1.0584633729e+00   -2.4927367825e-01   -8.3354264775e-01   7.5973782026e-01
1.1141866773e+00   -2.8625362948e-01   -9.6821129717e-01   8.0983272423e-01
1.1708042393e+00   -3.1624271345e-01   -1.0975770106e+00   8.6419387806e-01
1.2362826746e+00   -3.3975877988e-01   -1.3389465713e+00   9.3314542341e-01
1.3034469045e+00   -3.6348835100e-01   -1.6188568003e+00   8.8377347933e-01
1.3681727593e+00   -3.7841098752e-01   -1.7830182373e+00   7.0998451510e-01
1.4362326031e+00   -3.8794806587e-01   -1.8623867106e+00   4.3897365832e-01
1.4981855792e+00   -3.9233337705e-01   -1.9590089029e+00   1.3631112622e-01
1.5552611062e+00   -3.8447951236e-01   -1.9701847029e+00   -1.4684592976e-01
1.6206092354e+00   -3.6568035499e-01   -1.7788291679e+00   -4.4051692745e-01
1.6876908091e+00   -3.4442774460e-01   -1.5882399436e+00   -7.0065643981e-01
1.7469882276e+00   -3.1853952896e-01   -1.3449365218e+00   -9.1941681023e-01
1.8041950770e+00   -2.8437360875e-01   -9.2793285280e-01   -1.0789449290e+00
1.8608641208e+00   -2.4494380790e-01   -4.1456435618e-01   -1.0972843648e+00
1.9168179020e+00   -1.9831661166e-01   3.0030140298e-01   -1.0190714036e+00
1.9775738733e+00   -1.4707790344e-01   1.1261455588e+00   -7.6401501127e-01
2.0392337353e+00   -9.7723002603e-02   2.0569595109e+00   -3.7771394145e-01
2.1011697434e+00   -4.6616974696e-02   3.0964474926e+00   4.8039868867e-02
2.1732289007e+00   7.0904911916e-03   4.4280756301e+00   5.1174546994e-01
2.2539846422e+00   5.0961798440e-02   5.4403392894e+00   8.4328360805e-01
2.3351374562e+00   8.6488554934e-02   6.5195922560e+00   9.4517317030e-01
2.3805508740e+00   1.0163992107e-01   6.8957234354e+00   9.0188356095e-01
2.4276409146e+00   1.1715115049e-01   7.1948158612e+00   7.6416699364e-01
2.4767928561e+00   1.2187982159e-01   7.0748872996e+00   5.8438537266e-01
2.5241478977e+00   1.2625753446e-01   7.6882607476e+00   4.5524107530e-01
2.6108303906e+00   1.2720789749e-01   7.8362605273e+00   2.2031800569e-01
2.6930794547e+00   1.2304720114e-01   7.7073211663e+00   8.0207371499e-02
2.7680392421e+00   1.1879106630e-01   7.6941065074e+00   1.1852481646e-02
2.8431077044e+00   1.1910140458e-01   7.7839667555e+00   -1.6728758424e-02
2.9216826702e+00   1.1902812748e-01   7.8886969848e+00   -2.2995248061e-02
3.0000000000e+00   1.1904084000e-01   8.1719035060e+00   -2.3199052897e-02
0.0000000000e+00   1.4637349543e-01   8.1422767250e+00   -3.3396284047e-02
7.8381371383e-02   1.4637760518e-01   8.1807665138e+00   -3.4667474484e-02
1.5668241822e-01   1.4635385183e-01   8.0837460637e+00   -3.4423140940e-02
2.3179821312e-01   1.4640408176e-01   7.8535416366e+00   -2.9491989218e-02
3.1065637074e-01   1.4986660530e-01   8.0089742309e+00   -5.7783574859e-02
4.0065034167e-01   1.4907625818e-01   8.1077765838e+00   -1.2083733026e-01
4.4908224998e-01   1.4341599427e-01   8.0669033897e+00   -1.4817772289e-01
4.9824584081e-01   1.3753656694e-01   8.1411092009e+00   -1.7457766849e-01
5.4633831277e-01   1.2374654146e-01   7.9379656235e+00   -1.8560240469e-01
5.9389374469e-01   1.0995965384e-01   7.7308653147e+00   -1.9029092012e-01
6.3912966200e-01   9.0514961223e-02   7.7016908813e+00   -1.9043125139e-01
6.8467483272e-01   7.0788541396e-02   7.2608976905e+00   -1.8462717083e-01
7.2412492950e-01   4.5984727992e-02   6.2203376293e+00   -2.0263231385e-01
7.1019854588e-01   2.2507017918e-02   5.0900954383e+00   -2.4059369804e-01
7.6357502628e-01   2.1180914589e-02   4.8916712055e+00   -2.1404111254e-01
8.3661410116e-01   -2.9934225279e-02   1.5318820337e+00   3.8494928936e-02
8.9918981848e-01   -8.3814797560e-02   2.6982754780e-02   3.7503816587e-01
9.6052931968e-01   -1.3213181710e-01   -3.9197867418e-01   5.2825929891e-01
1.0206523202e+00   -1.8363742789e-01   -5.9753286452e-01   6.5805918817e-01
1.0746207383e+00   -2.2722796223e-01   -7.2248512102e-01   7.3669012290e-01
1.1281573384e+00   -2.6276119068e-01   -8.5231845401e-01   8.1405764221e-01
1.1818482878e+00   -2.9124065261e-01   -1.0187316985e+00   9.1666721773e-01
1.2454546042e+00   -3.1401096910e-01   -1.2095422240e+00   9.7090836674e-01
1.3110819594e+00   -3.3724373271e-01   -1.3972579072e+00   8.9035383639e-01
1.3731442555e+00   -3.5153426380e-01   -1.5304718694e+00   7.0301657427e-01
1.4390957385e+00   -3.6076578289e-01   -1.6212280262e+00   4.3768381022e-01
1.4972826816e+00   -3.6501563870e-01   -1.6940753181e+00   1.5578813367e-01
1.5496053290e+00   -3.5773841597e-01   -1.6183503798e+00   -1.0195193625e-01
1.6127027393e+00   -3.3951623120e-01   -1.4250390713e+00   -3.7640327328e-01
1.6780820031e+00   -3.1883976109e-01   -1.2346231410e+00   -6.5158770228e-01
1.7344876635e+00   -2.9423294656e-01   -9.6649629608e-01   -8.3038654993e-01
1.7893733264e+00   -2.6140864058e-01   -5.3610476003e-01   -9.6465088833e-01
1.8442942396e+00   -2.2320644167e-01   9.4235558425e-03   -1.0237815781e+00
1.8992583693e+00   -1.7737056515e-01   7.0707790306e-01   -9.8148796882e-01
1.9602217210e+00   -1.2595973914e-01   1.5303300070e+00   -7.5799314647e-01
2.0219952103e+00   -7.6511984086e-02   2.4833032301e+00   -4.3348883895e-01
2.0842997178e+00   -2.5111712842e-02   3.3385832735e+00   -5.2457470203e-02
2.1585005530e+00   3.0115473894e-02   4.6709110955e+00   3.5518227941e-01
2.2002349487e+00   5.2813678615e-02   5.2331143167e+00   5.2955727073e-01
2.2136067714e+00   2.9026144816e-02   4.9483584713e+00   7.0631005995e-01
2.2419693443e+00   7.5511883336e-02   5.6717820733e+00   6.4788328171e-01
2.3253216035e+00   1.1199782949e-01   6.6489608760e+00   7.6228854352e-01
2.3719500645e+00   1.2758409438e-01   7.2264411413e+00   7.4986772397e-01
2.4220218763e+00   1.4389999086e-01   7.2896610867e+00   6.3370991646e-01
2.4742261099e+00   1.4909169155e-01   7.6630390676e+00   5.3597693834e-01
2.5227388984e+00   1.5355384875e-01   7.8003664659e+00   4.0182930193e-01
2.6113712710e+00   1.5453520071e-01   7.8789944665e+00   2.0001466212e-01
2.6945446226e+00   1.5034055813e-01   8.0115305602e+00   7.9834703754e-02
2.7687577890e+00   1.4611427517e-01   8.0980323957e+00   1.8624175476e-02
2.8430639521e+00   1.4643402499e-01   8.2168099441e+00   -1.2410567993e-02
2.9216931968e+00   1.4636078088e-01   8.2218831060e+00   -2.7017446161e-02
3.0000000000e+00   1.4637349543e-01   8.1423001586e+00   -3.3429469305e-02
0.0000000000e+00   1.7643941640e-01   8.3479546899e+00   -3.8596609606e-02
7.8385143551e-02   1.7644352591e-01   8.4274370180e+00   -4.2181712685e-02
1.5667692607e-01   1.7641977230e-01   8.3828393965e+00   -4.3260326090e-02
2.3112856870e-01   1.7646254446e-01   8.2354939704e+00   -5.1428169179e-02
3.1012876998e-01   1.7992789672e-01   8.4463806729e+00   -8.4726967483e-02
4.0253011055e-01   1.7908335855e-01   8.1917491051e+00   -1.0697008859e-01
4.5261234481e-01   1.7327395861e-01   8.1741281655e+00   -1.4460947959e-01
5.0419354563e-01   1.6700832310e-01   8.2582962100e+00   -1.6214521144e-01
5.5466776676e-01   1.5263563629e-01   8.2136817239e+00   -1.7610573188e-01
6.0403573831e-01   1.3826335623e-01   8.1883055209e+00   -1.7098061406e-01
6.5104108261e-01   1.1812071539e-01   8.0432738340e+00   -1.5881058472e-01
6.9869194641e-01   9.7387039994e-02   7.6378769521e+00   -1.4069233233e-01
7.4012821381e-01   7.1437713971e-02   6.8846093451e+00   -1.4717675913e-01
7.8020118017e-01   4.6231475679e-02   6.0659956508e+00   -1.8756317680e-01
8.5506566333e-01   -6.1960817671e-03   3.1936671196e+00   -1.1138878197e-01
9.1830547181e-01   -6.0608087287e-02   7.2875666732e-01   2.2563282428e-01
9.7961574072e-01   -1.0890105869e-01   -1.5185724690e-02   4.8273701738e-01
1.0398803983e+00   -1.6052378227e-01   -4.0480157209e-01   5.8745360739e-01
1.0923992041e+00   -2.0298160668e-01   -6.3243244198e-01   7.3820043852e-01
1.1435334270e+00   -2.3692448222e-01   -7.6805968723e-01   8.7718938241e-01
1.1939907872e+00   -2.6373575647e-01   -9.0375451110e-01   9.5799538810e-01
1.2555381051e+00   -2.8568637530e-01   -9.9357752194e-01   9.4418022850e-01
1.3194855683e+00   -3.0837612177e-01   -1.2069607159e+00   8.9989418014e-01
1.3786066015e+00   -3.2196870309e-01   -1.2786342869e+00   6.9293646535e-01
1.4422764524e+00   -3.3086858130e-01   -1.3117799274e+00   3.9948746035e-01
1.4963013757e+00   -3.3496573616e-01   -1.3832789430e+00   1.5337458124e-01
1.5433474629e+00   -3.2833095576e-01   -1.2847279594e+00   -5.7715677572e-02
1.6039981132e+00   -3.1073795662e-01   -1.0890761671e+00   -3.2541447790e-01
1.6675234843e+00   -2.9068878800e-01   -8.7874061789e-01   -5.7861700153e-01
1.7207327893e+00   -2.6749789389e-01   -5.8279698631e-01   -7.6744104084e-01
1.7730635717e+00   -2.3615093872e-01   -1.3567884382e-01   -9.0733918135e-01
1.8260647405e+00   -1.9929734364e-01   4.6055964561e-01   -9.6005701775e-01
1.8799390633e+00   -1.5433311694e-01   1.1669948729e+00   -9.0470478492e-01
1.9411344446e+00   -1.0272968351e-01   2.0746310821e+00   -7.4182788014e-01
2.0030337079e+00   -5.3179152501e-02   2.9004440053e+00   -4.6253383996e-01
2.0657516461e+00   -1.4489015084e-03   3.9028933788e+00   -1.2521585431e-01
2.1040267097e+00   2.6997795039e-02   4.3879581880e+00   6.3519264613e-02
2.1214001354e+00   2.5018805261e-03   4.1074165839e+00   1.5713033457e-01
2.1423017733e+00   5.5444491587e-02   5.3185065322e+00   2.4517820059e-01
2.1858700260e+00   7.9225959848e-02   5.8226203171e+00   4.0781358450e-01
2.2287466214e+00   1.0251409071e-01   5.9340920204e+00   4.8629689049e-01
2.2716316574e+00   1.2128462292e-01   6.4465483528e+00   5.8562284850e-01
2.2836454739e+00   9.3754856415e-02   6.1598660315e+00   7.3038637748e-01
2.3145166934e+00   1.4005515514e-01   6.7860237373e+00   6.0008681032e-01
2.3625267382e+00   1.5613511056e-01   7.2345944495e+00   6.0749735605e-01
2.4158407528e+00   1.7332367717e-01   7.1383265493e+00   5.1022001804e-01
2.4713614997e+00   1.7902083474e-01   7.5569946160e+00   4.5018508109e-01
2.5211943012e+00   1.8358006769e-01   7.6418209989e+00   3.5792063701e-01
2.6119623008e+00   1.8459531195e-01   7.8926147950e+00   1.8943026116e-01
2.6961565295e+00   1.8036323889e-01   8.2028728522e+00   7.6463966889e-02
2.7695481811e+00   1.7616980519e-01   8.2731329367e+00   1.4402302028e-02
2.8430132669e+00   1.7649990324e-01   8.4365763502e+00   -1.5127980619e-02
2.9217047593e+00   1.7642669963e-01   8.4140560416e+00   -3.0049055314e-02
3.0000000000e+00   1.7643941640e-01   8.3475328782e+00   -3.8618694880e-02
0.0000000000e+00   2.0951192947e-01   8.8276128716e+00   -5.1580010081e-02
7.8389293677e-02   2.0951603872e-01   8.9050083533e+00   -5.6589369808e-02
1.5667244313e-01   2.0949228507e-01   8.9341397055e+00   -6.4450936117e-02
2.3039422909e-01   2.0952690391e-01   8.8274951666e+00   -7.5056354836e-02
3.0955503418e-01   2.1299543288e-01   8.8795598822e+00   -9.5745191440e-02
3.5707228613e-01   2.1254356094e-01   8.9057415915e+00   -1.1637265061e-01
3.5632944027e-01   1.7950562764e-01   8.2145755315e+00   -9.7941358782e-02
4.0458953807e-01   2.1209168900e-01   8.8303285932e+00   -1.2310327164e-01
4.5651176609e-01   2.0611578612e-01   8.6381826851e+00   -1.4572753120e-01
5.1073632070e-01   1.9942719438e-01   8.6053183813e+00   -1.5634446908e-01
5.6381876350e-01   1.8441692606e-01   8.5891560073e+00   -1.6715211835e-01
6.1519183539e-01   1.6939746323e-01   8.2909117253e+00   -1.6328611023e-01
6.6415209355e-01   1.4848339829e-01   8.2979988564e+00   -1.5964737573e-01
7.1410921537e-01   1.2664620845e-01   7.6919454264e+00   -1.3771809060e-01
7.5770949227e-01   9.9450028553e-02   7.8564452087e+00   -1.3634339704e-01
7.9849692532e-01   7.3782461682e-02   7.4799114139e+00   -1.5839129094e-01
8.3692930359e-01   4.6849440879e-02   6.1130449661e+00   -1.8220861222e-01
8.1763342175e-01   2.0017696956e-02   4.7279119186e+00   -1.7591906903e-01
8.7536168186e-01   1.9916420077e-02   5.0842412639e+00   -1.7684257593e-01
9.3932787727e-01   -3.5076742059e-02   2.0206832970e+00   3.9530612106e-02
1.0006101539e+00   -8.3346690436e-02   7.1346814871e-01   3.6350533911e-01
1.0610363543e+00   -1.3510299063e-01   -9.1237695167e-02   5.5486289354e-01
1.1119621272e+00   -1.7631546404e-01   -3.8862423106e-01   7.1384154593e-01
1.1604582529e+00   -2.0851072874e-01   -5.5905926983e-01   8.7385532337e-01
1.2073405289e+00   -2.3347727804e-01   -6.7379836174e-01   9.4557560678e-01
1.2666226010e+00   -2.5452670472e-01   -7.5459029662e-01   9.3156645137e-01
1.3287356605e+00   -2.7662353266e-01   -8.8332457030e-01   8.7140189394e-01
1.3846067032e+00   -2.8944502093e-01   -9.2822550417e-01   6.3160490755e-01
1.4458179189e+00   -2.9798622834e-01   -9.8982359729e-01   3.7959416911e-01
1.4952364601e+00   -3.0191037237e-01   -1.0124028363e+00   1.6394632206e-01
1.5364139350e+00   -2.9599340311e-01   -9.1492493667e-01   -2.8764751892e-02
1.5944136695e+00   -2.7908468571e-01   -7.1746882862e-01   -2.9607248714e-01
1.6559234624e+00   -2.5971733968e-01   -4.1198593527e-01   -5.3682644576e-01
1.7055969584e+00   -2.3809215054e-01   -1.0310669396e-01   -7.3639897371e-01
1.7551152961e+00   -2.0837234041e-01   3.7281925974e-01   -8.7017614729e-01
1.8060091598e+00   -1.7299972391e-01   9.4419592984e-01   -9.3418323425e-01
1.8586830441e+00   -1.2899593541e-01   1.7737950112e+00   -9.2763612232e-01
1.9201385507e+00   -7.7176531893e-02   2.7952314086e+00   -7.6844723656e-01
1.9821771410e+00   -2.7512155407e-02   3.6774518501e+00   -4.9299791271e-01
2.0453591536e+00   2.4588329017e-02   4.9799838224e+00   -1.9667874020e-01
2.0842986132e+00   5.3541971998e-02   5.3230704731e+00   -8.2995826061e-04
2.1244715929e+00   8.3299038571e-02   5.8383685097e+00   1.5706929689e-01
2.1700547160e+00   1.0827190775e-01   6.4631460844e+00   3.1623141747e-01
2.2142104622e+00   1.3222084411e-01   6.9671051873e+00   4.4164337462e-01
2.2583706325e+00   1.5158208718e-01   7.1796500953e+00   5.1962336722e-01
2.3026225674e+00   1.7091485196e-01   7.2921283235e+00   5.2449960076e-01
2.3522007013e+00   1.8755427800e-01   7.7753720820e+00   5.3550446564e-01
2.4090413293e+00   2.0568969270e-01   7.6860914211e+00   4.6414577042e-01
2.4681668581e+00   2.1193869290e-01   8.5916526771e+00   4.2369939023e-01
2.5195013785e+00   2.1660922349e-01   8.7715880952e+00   3.5161337327e-01
2.5660545965e+00   2.1713537415e-01   8.7916635482e+00   2.6900624521e-01
2.5665783010e+00   1.8408768982e-01   7.8259545392e+00   2.8376140346e-01
2.6126078145e+00   2.1766152480e-01   8.6670169525e+00   1.8766821203e-01
2.6979300025e+00   2.1338816756e-01   8.6551896547e+00   7.2979011927e-02
2.7704175979e+00   2.0923088858e-01   8.5228021814e+00   1.7706902128e-02
2.8429543487e+00   2.0957236383e-01   8.7981316905e+00   -1.8384604439e-02
2.9217174565e+00   2.0949921026e-01   8.7079129136e+00   -3.9837248215e-02
3.0000000000e+00   2.0951192947e-01   8.8174203791e+00   -5.2376971015e-02
0.0000000000e+00   2.4589169384e-01   8.8368883614e+00   -5.5308008640e-02
7.8393859545e-02   2.4589580281e-01   8.9475748118e+00   -6.3538939059e-02
1.5666942079e-01   2.4587204932e-01   8.9860869114e+00   -6.3005798297e-02
2.2958925024e-01   2.4589776127e-01   8.5535604060e+00   -8.2462065421e-02
3.0893153590e-01   2.4936985392e-01   8.9768056058e+00   -1.0174726835e-01
3.5741822893e-01   2.4892168046e-01   8.9190150073e+00   -1.1931309535e-01
4.0684542704e-01   2.4840144280e-01   8.9217328817e+00   -1.3340257632e-01
4.6081844905e-01   2.4223973576e-01   8.3975812750e+00   -1.2911200261e-01
5.1793369671e-01   2.3508788751e-01   8.3396900884e+00   -1.4353408242e-01
5.7387271877e-01   2.1937983840e-01   8.3487374918e+00   -1.4990557262e-01
6.2746343345e-01   2.0364501989e-01   8.1885564850e+00   -1.4737799374e-01
6.7858318496e-01   1.8187847063e-01   8.4064444121e+00   -1.3704111745e-01
7.3106652498e-01   1.5883218220e-01   8.0932288365e+00   -1.2139964953e-01
7.7702458697e-01   1.3027881985e-01   8.0384463078e+00   -1.1490060457e-01
8.1863040229e-01   1.0408312770e-01   7.9280106108e+00   -1.1976494179e-01
8.5780751871e-01   7.6641845777e-02   7.0243414348e+00   -1.2285459462e-01
8.9768636974e-01   4.8640896868e-02   6.1305249846e+00   -1.5737514638e-01
9.6244685411e-01   -6.9875952943e-03   3.7371977973e+00   -1.1056416811e-01
1.0237032264e+00   -5.5236242930e-02   1.8107521014e+00   1.4023682062e-01
1.0843143190e+00   -1.0714545830e-01   5.5442671820e-01   4.0848839666e-01
1.1334894884e+00   -1.4698868493e-01   5.6019584196e-02   6.1014220961e-01
1.1790906317e+00   -1.7726458150e-01   -1.4899843551e-01   7.4445144756e-01
1.2220171999e+00   -2.0018940361e-01   -2.7425991195e-01   8.3407174160e-01
1.2788058056e+00   -2.2024760345e-01   -3.1435621338e-01   7.5862165537e-01
1.3389181405e+00   -2.4169783498e-01   -3.9437865749e-01   7.1286001673e-01
1.3911952517e+00   -2.5366683925e-01   -4.2507953307e-01   5.1908863343e-01
1.4497733231e+00   -2.6182212966e-01   -4.9504318193e-01   3.1151808613e-01
1.4940820085e+00   -2.6554892991e-01   -5.1543975391e-01   1.4491459850e-01
1.5287166358e+00   -2.6043726663e-01   -4.2594282956e-01   5.7946406758e-03
1.5838591107e+00   -2.4426962367e-01   -1.9873286217e-01   -2.3272599397e-01
1.6431820535e+00   -2.2564178016e-01   1.3219965981e-01   -4.6461175487e-01
1.6889404634e+00   -2.0574947854e-01   4.2092471566e-01   -6.1228075058e-01
1.7353623089e+00   -1.7782227080e-01   9.6896724799e-01   -7.7059888816e-01
1.7839443200e+00   -1.4407516513e-01   1.5704709293e+00   -8.2705682920e-01
1.8352954085e+00   -1.0113008252e-01   2.4122648984e+00   -8.3662546965e-01
1.8970431999e+00   -4.9067956144e-02   3.4080939157e+00   -6.9600294891e-01
1.9592362641e+00   7.2263557906e-04   4.3849301052e+00   -4.9952444079e-01
2.0229259874e+00   5.3228166782e-02   5.3520552696e+00   -2.2413653695e-01
2.0626180191e+00   8.2755651923e-02   5.8708312256e+00   -5.1094211089e-02
2.1048593395e+00   1.1393964518e-01   6.3896101829e+00   1.0448488642e-01
2.1526426552e+00   1.4021415874e-01   6.8847240151e+00   2.4710693866e-01
2.1982202756e+00   1.6489807149e-01   7.0318186980e+00   3.4301489159e-01
2.2437845832e+00   1.8490976967e-01   7.7792776808e+00   4.2779362020e-01
2.2895400893e+00   2.0486092719e-01   7.9243167297e+00   4.5055217951e-01
2.3408837447e+00   2.2212903397e-01   8.2256655939e+00   4.6685729200e-01
2.4015617659e+00   2.4129226828e-01   8.3893237074e+00   4.2127108175e-01
2.4646067672e+00   2.4814384459e-01   8.9560700051e+00   3.8613311770e-01
2.5176461952e+00   2.5294165461e-01   9.0547143947e+00   3.2081290415e-01
2.5656434538e+00   2.5351281520e-01   8.9328745472e+00   2.4777254261e-01
2.6133124734e+00   2.5403446408e-01   8.9358365618e+00   1.8725758684e-01
2.6998814213e+00   2.4971555697e-01   8.8884873125e+00   7.6727961009e-02
2.7713739345e+00   2.4559808088e-01   8.9855749514e+00   2.6536864532e-02
2.8428856128e+00   2.4595206327e-01   9.0170420080e+00   -1.2946597297e-02
2.9217313954e+00   2.4587897197e-01   9.0606230906e+00   -4.1239967636e-02
3.0000000000e+00   2.4589169384e-01   8.8372949053e+00   -5.5199625896e-02
0.0000000000e+00   2.8590943466e-01   8.2997457751e+00   -4.8972244896e-02
7.8398882682e-02   2.8591354331e-01   8.4765797184e+00   -6.7752534711e-02
1.5666843744e-01   2.8588979012e-01   8.2377063284e+00   -6.9696745772e-02
2.2870721783e-01   2.8590578045e-01   8.7611471312e+00   -9.2126547391e-02
3.0824146276e-01   2.8938164441e-01   9.0424886186e+00   -1.0792286633e-01
3.5781375595e-01   2.8893746657e-01   8.9093383852e+00   -1.1546228100e-01
4.0932884274e-01   2.8834205154e-01   8.7495158170e+00   -1.2730589042e-01
4.6557409852e-01   2.8197389459e-01   8.5350387319e+00   -1.4155786844e-01
5.2585116513e-01   2.7431457834e-01   8.0775176833e+00   -1.3391681979e-01
5.8491918483e-01   2.5784274478e-01   8.1619062398e+00   -1.1295272562e-01
6.4096206490e-01   2.4131737751e-01   8.6607086584e+00   -1.3647162781e-01
6.9446689480e-01   2.1860893947e-01   8.6030716566e+00   -1.2260398499e-01
7.4971772172e-01   1.9423772471e-01   8.2348657170e+00   -9.7851566241e-02
7.9824483048e-01   1.6420699170e-01   7.7971461250e+00   -8.9102307581e-02
8.4077709694e-01   1.3741394671e-01   7.8543218908e+00   -8.2090015645e-02
8.8078466723e-01   1.0940570125e-01   7.1685078251e+00   -7.6249921670e-02
9.2225126029e-01   8.0231809044e-02   7.3112256120e+00   -9.8397351276e-02
9.8787106530e-01   2.3915949245e-02   4.9497718369e+00   -1.4067487786e-01
1.0491046646e+00   -2.4313977276e-02   3.1286447676e+00   -3.5979342672e-02
1.1099282444e+00   -7.6398972240e-02   1.4171951504e+00   2.0431402920e-01
1.1571796079e+00   -1.1473658699e-01   8.4294340524e-01   3.8796538330e-01
1.1996071154e+00   -1.4290627137e-01   3.9599119222e-01   5.1079192801e-01
1.2381527395e+00   -1.6356886371e-01   3.0881363667e-01   6.2838691887e-01
1.2921942355e+00   -1.8253594049e-01   2.5196705598e-01   5.7777498507e-01
1.3501276634e+00   -2.0328213279e-01   1.6968990128e-01   5.4929439840e-01
1.3984266402e+00   -2.1430789364e-01   7.2675611117e-02   4.6523877477e-01
1.4542110310e+00   -2.2205120652e-01   8.1761306412e-02   2.6187574292e-01
1.4928292978e+00   -2.2555080126e-01   1.0006122156e-01   1.1200847386e-01
1.5722346582e+00   -2.0597743540e-01   4.5479352626e-01   -1.9359544605e-01
1.6291909556e+00   -1.8814953084e-01   7.8879912012e-01   -4.1825566330e-01
1.6706090878e+00   -1.7017729493e-01   1.1245947475e+00   -5.3681625736e-01
1.7136208788e+00   -1.4422569663e-01   1.6322515309e+00   -6.7515362903e-01
1.7596686736e+00   -1.1226144841e-01   2.3276155949e+00   -7.6349470007e-01
1.8095614062e+00   -7.0484027202e-02   3.1782099149e+00   -7.6101479482e-01
1.8716384736e+00   -1.8148391808e-02   4.2025999235e+00   -5.6138078167e-01
1.9340028875e+00   3.1782195843e-02   5.1039355559e+00   -4.5123768377e-01
1.9982478648e+00   8.4730703925e-02   5.7062940049e+00   -1.9780288666e-01
2.0387915087e+00   1.1490712130e-01   6.5478143410e+00   -6.2104225603e-02
2.0832868886e+00   1.4764497029e-01   6.7746783020e+00   6.5159646312e-02
2.1334729810e+00   1.7534168596e-01   7.5131000373e+00   1.8432665932e-01
2.1806305854e+00   2.0084278426e-01   7.4136260385e+00   2.8195815962e-01
2.2277411285e+00   2.2157074543e-01   8.2833375714e+00   3.1697848606e-01
2.2751507474e+00   2.4220214328e-01   8.4388451614e+00   3.7935946145e-01
2.3284790272e+00   2.6017561810e-01   8.3731857732e+00   3.8351691866e-01
2.3933340338e+00   2.8045505678e-01   8.3624114640e+00   2.9281686022e-01
2.4606422287e+00   2.8796471869e-01   8.4594683408e+00   2.8914376079e-01
2.5156039529e+00   2.9290725014e-01   8.9093688103e+00   2.7391679358e-01
2.5651864211e+00   2.9352794610e-01   9.2185283500e+00   2.3206506875e-01
2.6140908846e+00   2.9404463349e-01   9.0929345178e+00   1.8172308873e-01
2.7020289022e+00   2.8967563586e-01   8.4844861119e+00   8.9638234797e-02
2.7724258718e+00   2.8560199329e-01   8.8397198146e+00   3.6180229153e-02
2.8428051184e+00   2.8596972312e-01   9.0816640303e+00   -4.5222141955e-03
2.9217466917e+00   2.8589670986e-01   8.5510234498e+00   -2.4269347651e-02
3.0000000000e+00   2.8590943466e-01   8.2752911902e+00   -4.6863497810e-02
0.0000000000e+00   3.2775558478e-01   9.3240964121e+00   -3.3863454314e-02
0.0000000000e+00   3.7359369109e-01   9.9332132556e+00   -2.4801856894e-02
0.0000000000e+00   4.3380890899e-01   1.0177040935e+01   -1.0818346528e-02
0.0000000000e+00   5.0916253194e-01   1.0240234922e+01   5.1317323008e-03
0.0000000000e+00   5.8767543696e-01   1.1102793885e+01   3.6905085644e-03
0.0000000000e+00   6.6490730416e-01   1.1363905997e+01   6.7412026474e-03
0.0000000000e+00   7.4113266960e-01   1.1458296201e+01   7.3018143120e-03
0.0000000000e+00   8.1706860206e-01   1.1865882783e+01   3.5292105422e-03
0.0000000000e+00   8.9295448481e-01   1.2230696566e+01   7.7544043773e-03
0.0000000000e+00   9.6883537766e-01   1.2621120781e+01   1.7016403510e-04
0.0000000000e+00   1.0447160380e+00   1.2864160426e+01   4.0499348129e-03
0.0000000000e+00   1.1205966983e+00   1.2804886679e+01   4.5307494009e-03
0.0000000000e+00   1.1964773587e+00   1.2892910404e+01   2.5654727848e-03
0.0000000000e+00   1.2723580190e+00   1.2799238350e+01   1.1316234873e-03
0.0000000000e+00   1.3482386793e+00   1.2975534540e+01   2.6371602316e-04
0.0000000000e+00   1.4241193397e+00   1.3324508900e+01   5.8842481267e-03
0.0000000000e+00   1.5000000000e+00   1.3381838800e+01   -5.4227433909e-07
3.9199441341e-02   2.8591148898e-01   8.3095629880e+00   -6.0138634262e-02
4.4706501449e-02   3.4395874794e-01   9.4025138028e+00   -3.6451409249e-02
6.7768787970e-02   1.4196867604e+00   1.3368403058e+01   6.0407389516e-03
6.8866476095e-02   8.1499510806e-01   1.1753555623e+01   -1.0482244202e-03
6.9895098069e-02   3.9535826290e-01   9.9847640271e+00   -3.3719192472e-02
7.4968723703e-02   1.2696587147e+00   1.2931284297e+01   1.1059665521e-03
8.6474351137e-02   4.6460075835e-01   9.7542762163e+00   -1.8186469556e-02
8.7054770515e-02   9.0940883913e-01   1.2333052073e+01   1.6248274988e-03
8.8764589225e-02   9.9807373756e-01   1.2754982083e+01   -7.5544545159e-03
8.9573722801e-02   3.3305149122e-01   9.1565741278e+00   -5.0687496172e-02
9.1304584115e-02   1.5000000000e+00   1.3504192974e+01   6.6906071438e-07
9.1337016142e-02   6.3264115629e-01   1.1205387792e+01   -8.1920475487e-03
9.2013598326e-02   1.1833567585e+00   1.2898563330e+01   -1.0393852521e-03
9.2848642850e-02   5.4544037862e-01   1.0715545383e+01   -1.2075396751e-02
9.4573248337e-02   7.2739125449e-01   1.1277239525e+01   1.8887701168e-03
1.0412120849e-01   1.0944877328e+00   1.2966454170e+01   -5.0142747797e-03
1.1101483447e-01   1.3473443913e+00   1.3143991082e+01   -3.5596193252e-03
1.1753366006e-01   2.8590166671e-01   8.3528020223e+00   -6.8059199598e-02
1.2534894396e-01   3.7077095605e-01   9.8027502933e+00   -6.2369098043e-02
1.4350448046e-01   8.3356499394e-01   1.1654673114e+01   -1.3422990386e-02
1.4700796612e-01   3.2807458337e-01   9.3777441188e+00   -7.4773342803e-02
1.5121859195e-01   1.4268729073e+00   1.3633104117e+01   2.3862375030e-04
1.5593378727e-01   4.1777325967e-01   9.8344543173e+00   -4.5590161044e-02
1.6909583054e-01   1.2785368717e+00   1.2953089185e+01   -1.9406858186e-04
1.7049889370e-01   1.0238332401e+00   1.2700721113e+01   -5.7083243443e-03
1.7620018685e-01   6.7432588688e-01   1.1245493446e+01   -1.7493784085e-02
1.8179549435e-01   4.9242358449e-01   1.0455585089e+01   -2.8201042307e-02
1.8183227214e-01   9.3052988070e-01   1.1789024651e+01   -1.0206789711e-02
1.8216198808e-01   5.8162263320e-01   1.0915979663e+01   -3.0750231835e-02
1.8260916823e-01   1.5000000000e+00   1.3206074183e+01   1.0641003075e-05
1.8451251081e-01   3.5719264736e-01   9.6135164187e+00   -7.5047280006e-02
1.8555277698e-01   1.1898114952e+00   1.2795929936e+01   -5.2097353402e-03
1.8989802494e-01   7.5574052696e-01   1.1515109769e+01   -5.2664540180e-03
1.9268782763e-01   2.8589778529e-01   8.5552681468e+00   -8.0317381477e-02
2.1273879330e-01   1.1043138666e+00   1.2346568356e+01   -9.4194976695e-03
2.1468865764e-01   1.3764864316e+00   1.2782022226e+01   7.0737481123e-04
2.2677582010e-01   8.3958247933e-01   1.1787281303e+01   -2.0851665511e-02
2.2831921214e-01   3.3399448365e-01   8.8016330427e+00   -9.5787840374e-02
2.3143971955e-01   3.9921926064e-01   9.7855115335e+00   -5.7880749314e-02
2.5444335366e-01   6.4206210904e-01   1.1100808584e+01   -3.9852255003e-02
2.5895264161e-01   1.0107373108e+00   1.1803260757e+01   -1.2156736418e-02
2.6407365764e-01   1.2899121215e+00   1.2534083975e+01   -3.5766845670e-03
2.6435320885e-01   4.6509868919e-01   9.6640922892e+00   -4.7804367608e-02
2.6847434030e-01   2.8764371243e-01   8.9400196057e+00   -1.0272713852e-01
2.7391375235e-01   1.5000000000e+00   1.2830044742e+01   -4.5423970441e-06
2.7517407563e-01   3.4661678333e-01   8.5270217829e+00   -7.6401782026e-02
2.8079011429e-01   1.1923628249e+00   1.2354405840e+01   -8.4829923861e-03
2.8168571101e-01   5.5230088157e-01   1.0554977804e+01   -4.2122814061e-02
2.8182706290e-01   9.2170270831e-01   1.1563736284e+01   -1.9765600407e-02
2.8419206522e-01   7.3482048864e-01   1.1651839329e+01   -3.4369499963e-02
3.0493081413e-01   8.2934435397e-01   1.1812272064e+01   -2.7109164066e-02
3.0613041550e-01   1.0959220896e+00   1.2473157383e+01   -9.7768129768e-03
3.0870086738e-01   1.3938064265e+00   1.3312929528e+01   -1.1886560690e-03
3.1102731319e-01   4.0011756838e-01   9.9841017130e+00   -7.0028076000e-02
3.2130144793e-01   3.3541983081e-01   8.6660749659e+00   -1.0581389634e-01
3.3716331121e-01   6.3972716214e-01   1.0996013926e+01   -3.7918552410e-02
3.4896984202e-01   4.7790570487e-01   9.6540254793e+00   -5.8953400839e-02
3.5938841812e-01   3.5397974359e-01   9.1037453279e+00   -8.0788669161e-02
3.5949209920e-01   9.9090633743e-01   1.1891397586e+01   -1.7582905585e-02
3.6521833646e-01   1.5000000000e+00   1.3417524617e+01   3.7454626420e-06
3.6545956141e-01   1.2863694231e+00   1.1811544867e+01   -1.5796847571e-02
3.7329530546e-01   1.1791052582e+00   1.2918944212e+01   -5.4180254439e-03
3.7521996915e-01   8.9221512041e-01   1.2536562376e+01   -2.6797575873e-02
3.8056954334e-01   7.1590827922e-01   1.1202792749e+01   -4.2720474244e-02
3.8222170518e-01   7.9536243635e-01   1.1523851447e+01   -4.2470588389e-02
3.8544619496e-01   5.5831321954e-01   1.0600575969e+01   -6.0662301409e-02
3.8694006569e-01   4.0981041702e-01   9.5489565049e+00   -9.4287652028e-02
3.8790139208e-01   1.0824319376e+00   1.2582819850e+01   -1.3281910310e-02
4.0206864433e-01   1.4017908756e+00   1.3159793103e+01   -5.0506891358e-03
4.0503551862e-01   3.4329220139e-01   9.0339753805e+00   -1.0230108480e-01
4.3317327340e-01   6.4456984059e-01   1.1005782987e+01   -3.6337031568e-02
4.4523972008e-01   4.7627030899e-01   9.6414106485e+00   -6.4058806564e-02
4.5008825100e-01   3.9134501351e-01   9.8010740238e+00   -8.7234420766e-02
4.5460890324e-01   3.3212487652e-01   9.0638349429e+00   -1.2591905585e-01
4.5652292058e-01   1.5000000000e+00   1.3083005910e+01   5.2162569625e-06
4.5704930646e-01   9.3534531356e-01   1.1670210271e+01   -2.7297161321e-02
4.5713867026e-01   1.2268223992e+00   1.2282618180e+01   -1.1417316906e-02
4.5726608519e-01   1.0270276527e+00   1.2613535598e+01   -2.6212798708e-02
4.6217997715e-01   1.1299701892e+00   1.2682257844e+01   -1.3453766401e-02
4.6408247208e-01   1.3204441327e+00   1.3043901958e+01   -9.0195819204e-03
4.6454870286e-01   8.3930258938e-01   1.1161561913e+01   -3.5841660769e-02
4.7342477036e-01   7.4098835318e-01   1.1473020197e+01   -4.5900262560e-02
4.8043736580e-01   5.6272647007e-01   1.0726497125e+01   -7.6835050460e-02
4.9457300446e-01   1.4142836186e+00   1.3168229376e+01   -4.5459631355e-03
5.0558033557e-01   3.1601261388e-01   8.7896574781e+00   -1.1409962166e-01
5.0751002829e-01   3.6129836895e-01   8.9948644118e+00   -1.0187876906e-01
5.1069302661e-01   4.2397992608e-01   9.5651907132e+00   -9.6834527376e-02
5.2173947278e-01   6.5379497171e-01   1.0995008010e+01   -5.7024359107e-02
5.3957203048e-01   1.0752846705e+00   1.2409267747e+01   -2.1426638736e-02
5.4569464925e-01   9.8163269951e-01   1.2186621384e+01   -2.7455753634e-02
5.4630853104e-01   1.1736093355e+00   1.2463305968e+01   -1.0254759017e-02
5.4782750469e-01   1.5000000000e+00   1.2931346570e+01   1.7478252978e-06
5.5060557112e-01   8.9103152915e-01   1.2384027261e+01   -3.2035991823e-02
5.5249267215e-01   1.2599047990e+00   1.2248764571e+01   -9.1399126856e-03
5.5372297201e-01   5.0221200253e-01   1.0062957976e+01   -8.1607139060e-02
5.5769162387e-01   8.0186177398e-01   1.1998743746e+01   -3.6542223813e-02
5.6087552956e-01   1.3467765230e+00   1.2318745370e+01   -7.4166489274e-03
5.6153811120e-01   3.1098177467e-01   8.8895998717e+00   -1.1146333718e-01
5.6654644227e-01   3.6195740796e-01   8.1248746493e+00   -1.0883480652e-01
5.6910945386e-01   5.8964399387e-01   1.0144131100e+01   -7.5442620749e-02
5.7064666999e-01   7.1831294471e-01   1.1188288732e+01   -5.3053892681e-02
5.8361421762e-01   4.2831242960e-01   9.5049494082e+00   -9.7261507889e-02
5.8853004735e-01   1.4246763723e+00   1.3181785738e+01   -1.3362733551e-03
6.1885025437e-01   1.1242572106e+00   1.1596426934e+01   -9.3798966701e-03
6.2324984510e-01   3.0316236805e-01   9.2877148370e+00   -9.9397507485e-02
6.2826584721e-01   1.0361288443e+00   1.1951882475e+01   -1.7029647391e-02
6.3913208881e-01   1.5000000000e+00   1.3116873033e+01   1.3672349016e-06
6.3925626601e-01   9.4234195551e-01   1.1987024600e+01   -3.5164872676e-02
6.3995101341e-01   6.5781684656e-01   1.0672294167e+01   -4.9643529490e-02
6.4124116717e-01   5.5951674093e-01   1.0556728508e+01   -7.9730809421e-02
6.4263020610e-01   1.3046608482e+00   1.2788724774e+01   -1.0206101880e-02
6.4340885843e-01   3.7680950457e-01   9.5761182118e+00   -1.1247897563e-01
6.4689071946e-01   8.5083223982e-01   1.1338305930e+01   -4.2707264410e-02
6.4874492040e-01   1.2113989656e+00   1.2046077162e+01   -9.2498738271e-03
6.5226522271e-01   7.5674262823e-01   1.1640340271e+01   -4.6119409321e-02
6.5860490191e-01   4.6631937669e-01   9.8612503918e+00   -8.5567803966e-02
6.7349737983e-01   1.3983600704e+00   1.2646337192e+01   -1.3192902234e-03
6.8033525226e-01   2.6841423866e-01   8.3340949015e+00   -1.0626915666e-01
6.9163795909e-01   3.2570914791e-01   8.7864411929e+00   -1.2520427295e-01
7.0478549236e-01   1.1116859600e+00   1.2064868443e+01   -1.7594086217e-02
7.1436777166e-01   1.0104525720e+00   1.1822144741e+01   -2.8496321790e-02
7.1672675776e-01   5.3622064416e-01   1.0181699120e+01   -7.1201937720e-02
7.2864033615e-01   6.1885980886e-01   1.1171685972e+01   -6.3198331814e-02
7.3043667292e-01   1.5000000000e+00   9.1958203295e+00   6.8977532357e-06
7.3157082493e-01   2.7649994039e-01   8.7882603785e+00   -1.2330034167e-01
7.3404672529e-01   3.9707240913e-01   9.3071175917e+00   -7.9064889257e-02
7.3592835943e-01   7.0638897392e-01   1.0483446363e+01   -4.9081653556e-02
7.3700980444e-01   9.0680855054e-01   1.2246307938e+01   -4.1622767876e-02
7.3718846840e-01   8.0479016735e-01   1.1306215691e+01   -5.0007672549e-02
7.3892366512e-01   2.3818234195e-01   8.2435392072e+00   -1.0394668543e-01
7.3923223064e-01   1.3106509526e+00   1.3226244655e+01   -4.5375682865e-03
7.4840775795e-01   1.2037578191e+00   1.2099885076e+01   -1.7760966299e-02
7.5636033863e-01   4.7008128496e-01   9.6019090909e+00   -7.5196647105e-02
7.6602522144e-01   1.4112428319e+00   1.2276922320e+01   -7.0188329443e-03
7.6789723097e-01   3.1872364117e-01   8.6717765970e+00   -1.1166186992e-01
7.9480045545e-01   9.9266673581e-01   1.2031882523e+01   -2.8391956345e-02
7.9703183293e-01   1.0838800579e+00   1.2313849294e+01   -1.9353838082e-02
8.0218179536e-01   5.5410068539e-01   1.0003357213e+01   -5.7553974172e-02
8.0436633442e-01   2.5085311303e-01   8.3877255034e+00   -9.3724775786e-02
8.2174125704e-01   1.5000000000e+00   1.2677038036e+01   2.5886361642e-05
8.2258633275e-01   3.6214762239e-01   9.0647089416e+00   -1.1393349007e-01
8.2447876405e-01   8.4315695128e-01   1.1534685693e+01   -3.8489198357e-02
8.2477253075e-01   7.4715941385e-01   1.0283338190e+01   -5.0852511169e-02
8.2656488679e-01   6.4823193558e-01   1.0553063609e+01   -5.3110521893e-02
8.3168163142e-01   1.2698484873e+00   1.2794710909e+01   -8.6648615306e-03
8.3311673806e-01   1.1709332275e+00   1.2277158064e+01   -1.5142174430e-02
8.3690973645e-01   9.2387233664e-01   1.2286178180e+01   -3.6311269476e-02
8.3826126539e-01   4.5726318234e-01   9.1167370026e+00   -6.4832881009e-02
8.5149520159e-01   1.3770370470e+00   1.2849252740e+01   -1.3564386236e-02
8.7018555930e-01   2.2435631723e-01   8.0111482520e+00   -8.2143875550e-02
8.7348872696e-01   1.6694084604e-01   8.1201290061e+00   -6.0275144684e-02
8.8572247303e-01   5.4076679372e-01   1.0097611918e+01   -6.4772161558e-02
8.8811499735e-01   1.0053149469e+00   1.1547935482e+01   -2.1781165288e-02
8.8818175966e-01   3.0492093909e-01   9.1517658431e+00   -8.8299598281e-02
8.9675726509e-01   1.0983269839e+00   1.2819513620e+01   -2.7257115397e-02
9.0193905473e-01   3.9076713792e-01   9.3750774833e+00   -5.8332394442e-02
9.1035428359e-01   7.9993975958e-01   1.1988407806e+01   -4.6732362438e-02
9.1304584115e-01   1.5000000000e+00   1.3472383818e+01   6.5280099071e-05
9.1669133703e-01   1.2036443226e+00   1.2568531288e+01   -1.8318381963e-02
9.1787924460e-01   6.1797265819e-01   1.1014140024e+01   -5.1781167133e-02
9.1790863132e-01   7.0490347105e-01   1.0684770988e+01   -4.8427801403e-02
9.2212355282e-01   1.3451490609e-01   7.3929834777e+00   -7.6938080751e-02
9.2540816168e-01   1.3019007254e+00   1.3416446491e+01   -9.2595570081e-03
9.2654510775e-01   9.0946915859e-01   1.2080074538e+01   -4.3677188791e-02
9.2952330706e-01   1.8828530026e-01   7.8473366026e+00   -5.7200252882e-02
9.3953715889e-01   4.6260815857e-01   1.0070039469e+01   -8.4583351651e-02
9.4754143398e-01   1.4029878900e+00   1.2972743290e+01   -9.5678686061e-03
9.4976400751e-01   2.6163040614e-01   8.7521619257e+00   -5.7219237320e-02
9.5506116280e-01   5.2073879144e-02   6.0011817649e+00   -1.2821247981e-01
9.6715424552e-01   9.6159901185e-02   7.3536495766e+00   -7.8645528428e-02
9.7895309485e-01   1.1276807273e+00   1.1862631326e+01   -1.6026931177e-02
9.8101538535e-01   1.4005123532e-01   7.5102997771e+00   -4.6726466572e-02
9.8337029409e-01   5.4532060368e-01   1.0605821229e+01   -7.0590086422e-02
9.8433582259e-01   3.6265661365e-01   9.3665939759e+00   -7.6286445159e-02
9.8624260333e-01   1.0226894061e+00   1.2310801108e+01   -2.4544368253e-02
9.8713596384e-01   8.3832188656e-01   1.1881499095e+01   -3.6502013063e-02
1.0043504253e+00   1.5000000000e+00   1.3074501319e+01   8.0831686775e-05
1.0058430352e+00   6.4099679327e-01   1.1126472412e+01   -6.1845588585e-02
1.0065141017e+00   2.0262647930e-01   8.4721943934e+00   -3.1511708129e-02
1.0125165930e+00   7.5817672671e-02   7.1580991070e+00   -7.2398212331e-02
1.0125907006e+00   7.4162748877e-01   1.1181699493e+01   -5.8610922688e-02
1.0146061792e+00   1.2195948479e+00   1.2933758922e+01   -1.2768107959e-02
1.0184878650e+00   -1.9901401550e-04   3.9122670110e+00   -1.0867748603e-01
1.0188718302e+00   1.3226873669e+00   1.2941488775e+01   -5.0496360117e-03
1.0266788380e+00   9.2817387401e-01   1.1329339736e+01   -3.6476438319e-02
1.0287159117e+00   4.5321092123e-01   1.0064877901e+01   -7.6690404839e-02
1.0355115332e+00   2.8567855839e-01   9.1652871406e+00   -4.7202724853e-02
1.0384389246e+00   1.4182527929e+00   1.2714439616e+01   -8.1110694934e-03
1.0476498192e+00   1.3384146685e-01   8.0498413707e+00   -4.3386021610e-02
1.0523802537e+00   3.1737485182e-02   5.3843419982e+00   -1.0166310466e-01
1.0589415669e+00   1.0967286542e+00   1.2446773490e+01   -1.9204737015e-02
1.0664858345e+00   8.3551586794e-02   7.3782425497e+00   -7.4597357404e-02
1.0702402998e+00   8.3083246389e-01   1.1619533294e+01   -4.1066339899e-02
1.0768056589e+00   5.4677292623e-01   1.0506436486e+01   -6.4802589597e-02
1.0794164708e+00   -5.0270855741e-02   2.1971765599e+00   9.2230388530e-02
1.0907057894e+00   1.9914501895e-01   8.5638971506e+00   -2.1460680133e-02
1.0916323047e+00   3.6616564931e-01   8.8330929602e+00   -5.1739107712e-02
1.0939580272e+00   1.0090321587e+00   1.1659231565e+01   -1.4937217171e-02
1.0956550094e+00   1.5000000000e+00   1.2292997904e+01   1.6978481802e-05
1.0976519944e+00   6.4989375245e-01   1.0533236155e+01   -4.6263129310e-02
1.1022963773e+00   5.2314060596e-02   6.0759727773e+00   -1.1062645599e-01
1.1046857270e+00   1.1753800076e+00   1.2257474206e+01   -1.0287914135e-02
1.1047424597e+00   1.2676592338e+00   1.3091753743e+01   -1.1948628959e-02
1.1053392313e+00   -5.7367600965e-03   4.0460566416e+00   -9.6505382902e-02
1.1093869341e+00   1.3674259466e+00   1.2805382978e+01   -1.1847601658e-02
1.1118433976e+00   7.3952030340e-01   1.1347463253e+01   -4.8179255145e-02
1.1128703582e+00   4.5405495166e-01   9.8068948412e+00   -6.3480521004e-02
1.1215340285e+00   2.7744242722e-01   9.0924415639e+00   -4.3592395403e-02
1.1217159689e+00   9.1921120997e-01   1.1357115270e+01   -4.1125364968e-02
1.1247291337e+00   1.2065398068e-01   7.4836545623e+00   -4.1793446138e-02
1.1552934445e+00   4.1269219325e-02   5.6504263202e+00   -1.0119738238e-01
1.1580040958e+00   1.0928296455e+00   1.2373807270e+01   -1.6486795912e-02
1.1582409853e+00   8.2764612376e-01   1.1352050136e+01   -4.4044327162e-02
1.1596307600e+00   5.8307254223e-01   1.0804785762e+01   -5.6007465502e-02
1.1632448352e+00   -3.2206975850e-02   3.2235792005e+00   1.1324751391e-02
1.1799131872e+00   -8.2831531815e-02   1.5773913335e+00   2.2836262338e-01
1.1810362706e+00   -1.3057618491e-01   5.6502694502e-01   5.2242788809e-01
1.1819273512e+00   4.9840884550e-01   1.0438060947e+01   -6.5420305651e-02
1.1838662270e+00   2.0333058481e-01   8.2583849033e+00   -1.9130705508e-02
1.1869595935e+00   1.5000000000e+00   1.3201973814e+01   1.8627026692e-05
1.1880393048e+00   1.4160081394e+00   1.2667465494e+01   -8.0286438631e-03
1.1910209827e+00   1.3099076218e+00   1.2835117926e+01   -6.8766767967e-03
1.1923271838e+00   4.0064167377e-01   9.2483700836e+00   -5.6066535813e-02
1.1970498561e+00   1.2018145254e+00   1.2815855373e+01   -2.2457310272e-02
1.1983172722e+00   3.0988774554e-01   8.7387916423e+00   -4.9759438073e-02
1.2003099552e+00   7.4782435034e-01   1.1356169760e+01   -3.8762346656e-02
1.2013709359e+00   9.9917207014e-01   1.0800647638e+01   -1.7110431290e-02
1.2038242631e+00   1.0771017987e-01   7.7797541307e+00   -5.4291123685e-02
1.2050296199e+00   6.6076265792e-01   1.0939109760e+01   -3.6742627166e-02
1.2085114656e+00   9.0585934218e-01   1.1909713195e+01   -3.9886833878e-02
1.2099045444e+00   -1.0949352401e-01   1.2598610187e+00   3.0990423820e-01
1.2185421484e+00   -1.5305649925e-01   3.7201162475e-01   5.2941725182e-01
1.2243042769e+00   1.7932792279e-02   5.2709085117e+00   -8.0640316944e-02
1.2303517855e+00   -5.5189670271e-02   2.7878111515e+00   1.3327066648e-01
1.2339916864e+00   -1.3482279945e-01   6.5212282004e-01   4.5751410215e-01
1.2458545277e+00   -1.0313603450e-01   1.5349040453e+00   2.7440051835e-01
1.2502103359e+00   5.6408500735e-01   1.0576426692e+01   -5.2097797368e-02
1.2532241426e+00   8.2347918296e-01   1.1305778060e+01   -3.3037907432e-02
1.2549757948e+00   1.0913424341e+00   1.2636933589e+01   -1.6220863000e-02
1.2619150462e+00   -1.7190877895e-01   2.7534454963e-01   6.5577955108e-01
1.2690492541e+00   1.3697521729e+00   1.2814566446e+01   -8.3377218885e-03
1.2692847314e+00   4.6387564410e-01   9.9805439134e+00   -6.4462245502e-02
1.2713189336e+00   2.5581968465e-01   8.6892732161e+00   -3.9691933862e-02
1.2721069168e+00   -1.3797100825e-01   8.1382148571e-01   4.0189688111e-01
1.2742968144e+00   1.6842561480e-01   8.3994785016e+00   -4.0363648866e-02
1.2782641776e+00   1.5000000000e+00   1.2954075225e+01   3.7038064736e-05
1.2795932645e+00   1.2682108520e+00   1.3198229301e+01   -1.1144237605e-02
1.2877701259e+00   7.3170471526e-01   1.0998737077e+01   -4.3058646980e-02
1.2883592135e+00   3.6152425214e-01   9.3040204103e+00   -5.8271834974e-02
1.2890397682e+00   -8.7158089838e-02   2.0047746326e+00   2.3749152875e-01
1.2908761573e+00   8.2835836554e-02   7.1253101633e+00   -1.0457243061e-01
1.2917847479e+00   1.1753462269e+00   1.2445568776e+01   -1.2819585213e-02
1.2948196664e+00   9.1261790108e-01   1.1566851626e+01   -2.4502055998e-02
1.3035020416e+00   -1.0013742544e-02   4.4909598936e+00   -4.0719351203e-02
1.3036958016e+00   6.4054093415e-01   1.0886975333e+01   -4.8230500207e-02
1.3056164179e+00   1.0081187442e+00   1.1247486307e+01   -2.3231684120e-02
1.3245828912e+00   -1.4573567330e-01   1.0658114336e+00   3.2783647335e-01
1.3423239638e+00   5.3960295804e-01   9.7935204937e+00   -7.3472148198e-02
1.3423489759e+00   8.1935838560e-01   1.1380660564e+01   -1.7270326823e-02
1.3427851985e+00   1.4188350631e+00   1.2953568285e+01   -5.9373259959e-03
1.3517008619e+00   2.8104607789e-01   8.7932530601e+00   -6.0239798396e-02
1.3571525399e+00   4.4903581855e-01   9.8753784675e+00   -6.6609186174e-02
1.3572621422e+00   -8.5378274318e-02   2.3984761261e+00   1.4692335168e-01
1.3597915321e+00   1.3248423905e+00   1.3179338651e+01   -4.9940733179e-03
1.3685773585e+00   1.1140731946e+00   1.2475661711e+01   -1.4882827597e-02
1.3695687617e+00   1.5000000000e+00   1.3072352090e+01   3.3185125301e-05
1.3696081953e+00   1.8405927135e-01   8.4605040122e+00   -7.4143237148e-02
1.3730206744e+00   7.5325371584e-02   6.9515234793e+00   -1.0816401002e-01
1.3750344185e+00   1.2219781216e+00   1.2023567280e+01   -8.3574973481e-03
1.3823062724e+00   7.1810003185e-01   1.0971938787e+01   -3.6786761714e-02
1.3850424781e+00   6.1602908473e-01   1.0418594847e+01   -3.1200112536e-02
1.3877357586e+00   9.1731837811e-01   1.1192795579e+01   -3.2431698168e-02
1.3881655334e+00   -1.5270684967e-01   1.2621428861e+00   2.3900204160e-01
1.3896762606e+00   3.6462485089e-01   9.5349448493e+00   -5.6311627792e-02
1.3906146029e+00   -1.1371619680e-02   4.6857919125e+00   -8.6709537876e-02
1.3948070330e+00   1.0185475687e+00   1.2478495674e+01   -2.3072266917e-02
1.4285450819e+00   -1.8222598994e-01   7.2590465472e-01   2.6830444921e-01
1.4286040386e+00   8.1233897167e-01   1.1292437014e+01   -2.5784978428e-02
1.4297571523e+00   -2.1865681552e-01   7.4818165645e-02   3.5827191119e-01
1.4329181052e+00   -8.0153053463e-02   2.7477823932e+00   1.3305719512e-02
1.4381614726e+00   1.3968210269e+00   1.3291375827e+01   -4.1583122557e-03
1.4416994613e+00   2.8097414824e-01   9.0151514117e+00   -7.4031449311e-02
1.4422012484e+00   1.2310621028e-01   7.8615278644e+00   -1.2541024872e-01
1.4427042489e+00   -1.4418050669e-01   1.4898089332e+00   1.6055492932e-01
1.4441346875e+00   4.4907213649e-01   1.0097181355e+01   -7.0918549988e-02
1.4468782464e+00   1.2922481904e+00   1.1430315471e+01   -4.6019377132e-03
1.4541269525e+00   5.4436010294e-01   1.0244947323e+01   -6.4164849390e-02
1.4569925731e+00   6.4572377462e-01   1.0573493404e+01   -4.6465540226e-02
1.4594178665e+00   -1.9411291402e-01   6.5948857838e-01   1.5905136194e-01
1.4608733458e+00   1.5000000000e+00   1.2449450368e+01   4.2161080962e-05
1.4641012988e+00   3.0004785673e-02   5.8405511572e+00   -1.8772228898e-01
1.4693700878e+00   1.0796912574e+00   1.2532008100e+01   -7.4916643802e-03
1.4702358254e+00   1.1819198990e+00   1.2779339747e+01   -8.8590866858e-03
1.4739791029e+00   -2.2384259298e-01   9.4457421032e-02   1.8348436992e-01
1.4761197907e+00   8.9080121493e-01   1.1448486576e+01   -1.6162955675e-02
1.4773547160e+00   9.7796866627e-01   1.2458079921e+01   -1.8767909730e-02
1.4782206171e+00   2.0144994841e-01   8.5656526715e+00   -7.9752800879e-02
1.4788435718e+00   -1.6815092142e-01   1.0873814963e+00   8.6507471523e-02
1.4816090515e+00   -1.1732936430e-01   2.2077987463e+00   -3.6281351218e-02
1.4817279220e+00   7.3123496464e-01   1.0998499751e+01   -3.8087454175e-02
1.4844640389e+00   3.6750755747e-01   9.7042596569e+00   -7.8977392077e-02
1.4886306316e+00   -1.9918255792e-01   6.0221975563e-01   8.1776884627e-02
1.5030509081e+00   -4.7492568864e-02   3.7449263773e+00   -1.7123218947e-01
1.5126863331e+00   -2.2065605594e-01   1.8099009492e-01   3.6976611620e-02
1.5136816589e+00   -1.5435657016e-01   1.4067973020e+00   -5.3772145325e-02
1.5161186813e+00   -1.8850765061e-01   7.7385209102e-01   -1.9571882312e-02
1.5260693853e+00   8.1720388832e-01   1.1655806080e+01   -2.7968370558e-02
1.5265299184e+00   1.0790942075e-01   7.4031304522e+00   -1.9581443729e-01
1.5270951771e+00   1.2634599948e+00   1.2984102196e+01   -5.2286846159e-03
1.5322746435e+00   4.6947876417e-01   1.0037511465e+01   -6.8515253631e-02
1.5322790461e+00   1.4256639282e+00   1.3088753562e+01   -2.4979391051e-03
1.5373186741e+00   1.3470734910e+00   1.2759571971e+01   -2.5454979916e-03
1.5378754404e+00   -2.1444695857e-01   2.9467520473e-01   -6.7329393525e-02
1.5396555237e+00   -1.0777634237e-01   2.4276578666e+00   -1.8272512662e-01
1.5436605783e+00   6.4472681279e-01   1.0828085418e+01   -4.2481563060e-02
1.5443503160e+00   2.8358987049e-01   9.0144647786e+00   -7.5074723470e-02
1.5521779300e+00   1.5000000000e+00   1.2522424331e+01   -3.8746785945e-05
1.5557787623e+00   5.6040745883e-01   1.0653548762e+01   -4.7756708821e-02
1.5575453259e+00   -1.6742366868e-01   1.1336827834e+00   -1.3871766323e-01
1.5583624153e+00   2.1482026330e-02   5.6017963568e+00   -3.0329934031e-01
1.5589104189e+00   1.1199652910e+00   1.2307922034e+01   -5.2382950930e-03
1.5596472583e+00   1.0227230847e+00   1.2274928579e+01   -6.5496271396e-03
1.5656948628e+00   9.1742673645e-01   1.1511775048e+01   -7.9967481840e-03
1.5665985243e+00   3.7525120280e-01   9.8358148500e+00   -6.8607356701e-02
1.5704389537e+00   1.8845125013e-01   8.4614348643e+00   -1.6185362803e-01
1.5747117139e+00   1.2053862508e+00   1.2638616213e+01   -2.1727540926e-03
1.5754490496e+00   7.2882947022e-01   1.0789293934e+01   -2.8412336189e-02
1.5860495903e+00   -5.4248671749e-02   3.4541340131e+00   -3.1076193896e-01
1.5892024263e+00   -1.2196580791e-01   2.1447014995e+00   -2.9761309217e-01
1.6034257476e+00   -1.9621430489e-01   6.3433363389e-01   -3.0122649938e-01
1.6061468879e+00   -1.5884770155e-01   1.3581066617e+00   -2.9729091778e-01
1.6126715851e+00   8.1968828315e-01   1.1539642604e+01   -1.2518709675e-02
1.6193534139e+00   9.4363658434e-02   7.1109304716e+00   -3.2123704167e-01
1.6197156291e+00   4.4418620343e-01   9.7409371982e+00   -5.8717406361e-02
1.6238468454e+00   1.2963076526e+00   1.2466613919e+01   -3.7721436513e-03
1.6250430012e+00   -9.6106751085e-02   2.5990388086e+00   -3.9971011482e-01
1.6352849605e+00   -1.3246664175e-01   1.8362890578e+00   -4.1974101267e-01
1.6387754140e+00   1.4032269844e+00   1.3240553714e+01   -5.1740341911e-03
1.6403899402e+00   1.6795980685e-03   4.9719117332e+00   -4.2078723017e-01
1.6404830224e+00   5.3251644465e-01   1.0538411706e+01   -5.1935760692e-02
1.6416948870e+00   2.5966320999e-01   8.8184337978e+00   -1.1204132176e-01
1.6418286853e+00   -1.5865895551e-01   1.3712502488e+00   -4.0074775219e-01
1.6434825141e+00   1.5000000000e+00   1.3195841114e+01   -3.7826482088e-05
1.6471625021e+00   1.0728124142e+00   1.2470523655e+01   -7.0486383471e-03
1.6489295298e+00   9.7867738293e-01   1.2284158648e+01   -8.0599539904e-03
1.6493948938e+00   6.3374841076e-01   1.1109230413e+01   -3.2221612056e-02
1.6510373601e+00   -1.7866989680e-01   9.7902734012e-01   -4.8052321977e-01
1.6522391226e+00   3.5460017217e-01   9.3572771470e+00   -7.1534193298e-02
1.6526761055e+00   -6.4597583988e-02   3.3493834563e+00   -3.8003526286e-01
1.6544674271e+00   1.1715440278e+00   1.2356590562e+01   -9.5962460928e-04
1.6560752093e+00   1.7498045214e-01   8.0278137074e+00   -2.2106178117e-01
1.6588647209e+00   8.9386959626e-01   1.1398172222e+01   1.9252101850e-04
1.6615466593e+00   7.3268224634e-01   1.1098617453e+01   -1.9412109824e-02
1.6645451151e+00   -1.0926157418e-01   2.3458207020e+00   -4.6117082278e-01
1.6646577765e+00   -1.4354131601e-01   1.5599005979e+00   -5.0632461007e-01
1.6881232728e+00   -1.2937055932e-01   1.9239692069e+00   -5.9645923606e-01
1.6897125345e+00   5.3978448689e-02   6.0070122774e+00   -3.8487441903e-01
1.6906648422e+00   -1.5807645304e-01   1.3064572788e+00   -5.7875978573e-01
1.6922469092e+00   -4.4235687712e-02   3.9853983545e+00   -5.4275138885e-01
1.7039890672e+00   1.2568120485e+00   1.2371003805e+01   -5.5182257749e-03
1.7048273758e+00   4.5635191857e-01   9.8643323415e+00   -4.9930955610e-02
1.7058027076e+00   -9.6679548430e-02   2.6195155561e+00   -5.8600998723e-01
1.7088376739e+00   8.1549088391e-01   1.1697904878e+01   -9.7024856617e-03
1.7168056273e+00   3.8104358445e-04   4.9999634711e+00   -5.3058456691e-01
1.7200643000e+00   1.2094831378e-01   7.2443178415e+00   -2.9998840278e-01
1.7260273434e+00   1.3382014535e+00   1.2907845986e+01   -1.6012507842e-02
1.7287296706e+00   2.9789295466e-01   8.5973283658e+00   -7.9262296461e-02
1.7347870982e+00   1.5000000000e+00   1.3189096926e+01   2.4815119532e-06
1.7357449744e+00   1.1075118288e+00   1.2139157896e+01   9.3366510403e-04
1.7367757492e+00   5.3955103719e-01   1.0672517456e+01   -2.8767894340e-02
1.7369236048e+00   1.0150234959e+00   1.2258868790e+01   2.4175501902e-03
1.7401426755e+00   -5.7954126991e-02   3.5807723209e+00   -5.6188235461e-01
1.7412618499e+00   3.8562207796e-01   9.0824810891e+00   -4.7754639041e-02
1.7416692656e+00   2.0646240722e-01   8.1390373680e+00   -1.4500460391e-01
1.7473197863e+00   1.1915392787e+00   1.2438319858e+01   5.9923685511e-03
1.7477940857e+00   9.1436807815e-01   1.0868366184e+01   2.9180772080e-03
1.7509473327e+00   7.2013474553e-01   1.0829781433e+01   -1.1286974177e-02
1.7542328252e+00   6.2585259878e-01   1.0518409177e+01   -1.7238046102e-02
1.7631116863e+00   1.4177589113e+00   1.3191470175e+01   -3.2204560223e-03
1.7638357998e+00   5.5068403192e-02   6.0274683510e+00   -4.5230454635e-01
1.7661929297e+00   -2.9302964499e-03   4.9240709866e+00   -5.7230631261e-01
1.7840269490e+00   -4.2955492137e-02   3.8010879157e+00   -6.8534354472e-01
1.7953024092e+00   8.1967628833e-01   1.0912126502e+01   -1.3244900054e-02
1.8000503841e+00   1.2448649503e-01   7.0894693302e+00   -2.9403645343e-01
1.8069201060e+00   1.2631679515e+00   1.2291374907e+01   -7.3086330749e-03
1.8078926786e+00   4.5885010713e-01   1.0024003490e+01   -2.8185713241e-02
1.8139222188e+00   2.6989035211e-01   8.8145100429e+00   -1.1528050885e-01
1.8165816831e+00   3.5344278383e-01   8.9240017208e+00   -4.2189630272e-02
1.8183839175e+00   6.0886106280e-02   6.0406285333e+00   -4.5539242711e-01
1.8187224204e+00   7.2851131066e-03   4.9571494896e+00   -5.9899944022e-01
1.8240383762e+00   1.1593754723e+00   1.2828536194e+01   -4.1472512478e-04
1.8249777554e+00   1.0677936037e+00   1.1983460906e+01   5.2901785176e-03
1.8260916823e+00   1.5000000000e+00   1.2157550805e+01   -5.1604499174e-07
1.8282286530e+00   9.7751577766e-01   1.1632030599e+01   1.0231738594e-02
1.8328941364e+00   5.5381257061e-01   1.0058602842e+01   -7.7336459120e-03
1.8335341380e+00   1.9580998550e-01   8.0094982363e+00   -1.4868691599e-01
1.8350823185e+00   1.3468853792e+00   1.3119049104e+01   2.8908340746e-03
1.8372047145e+00   7.4901703305e-01   1.1438009368e+01   2.3427146726e-03
1.8405999399e+00   -4.4316209505e-02   3.6612398528e+00   -7.0154914395e-01
1.8420434582e+00   8.8838781431e-01   1.1936406618e+01   -4.1336808538e-03
1.8478296092e+00   6.5315676897e-01   1.0888947675e+01   1.8133152527e-03
1.8549804062e+00   8.8828531850e-02   6.3972771800e+00   -3.7903082960e-01
1.8606369906e+00   1.4251086043e+00   1.3462097971e+01   8.5143586525e-04
1.8699583613e+00   3.9066528815e-02   5.3850893511e+00   -5.0992986522e-01
1.8788654617e+00   1.3412213165e-01   7.1419589527e+00   -2.7116632794e-01
1.8846177493e+00   3.9816167614e-01   9.3576238576e+00   -1.5433934256e-02
1.8908464679e+00   1.2162745755e+00   1.2938220017e+01   1.9715805220e-03
1.9026853081e+00   2.9889732272e-01   8.7641526035e+00   -3.1464491852e-02
1.9028206805e+00   6.8169020172e-03   4.4941435684e+00   -5.2399213435e-01
1.9108566968e+00   7.8946414577e-02   5.7500063970e+00   -3.5000857513e-01
1.9114547060e+00   1.1191999283e+00   1.2694790915e+01   4.9872819705e-03
1.9133199883e+00   7.3488810699e-01   1.1346565715e+01   1.1311200446e-02
1.9138950874e+00   4.8283294237e-01   1.0105656801e+01   2.1330707847e-02
1.9146314966e+00   1.9980684914e-01   7.7564775876e+00   -1.1282237680e-01
1.9166685957e+00   1.0286292875e+00   1.2515537613e+01   8.8351597194e-03
1.9169743233e+00   9.3249714706e-01   1.2228973317e+01   2.0919898451e-02
1.9173962664e+00   1.5000000000e+00   1.3481994366e+01   5.5345863573e-06
1.9180168442e+00   8.2709612515e-01   1.1634180097e+01   7.1516290771e-03
1.9254304805e+00   5.7830923696e-01   9.7541917581e+00   1.0316393879e-02
1.9255032746e+00   1.2992991793e+00   1.2519146801e+01   3.8140070621e-03
1.9449605415e+00   6.5923568273e-01   1.0773647384e+01   1.6072275133e-02
1.9473435388e+00   1.4049216745e+00   1.2847158697e+01   6.1599292354e-03
1.9481545473e+00   1.2437347639e-01   6.9008967550e+00   -2.2353767921e-01
1.9661253761e+00   5.8256449884e-02   5.6504560743e+00   -3.1551295287e-01
1.9663513280e+00   3.7745576043e-01   8.8586763543e+00   2.2094425659e-02
1.9687584475e+00   2.4973736471e-01   8.0965387522e+00   -1.5239040201e-02
1.9750538553e+00   1.1851662658e+00   1.2943713015e+01   9.0864363453e-03
1.9868247070e+00   1.8514922493e-01   7.0417026376e+00   -5.1280511037e-02
1.9992813828e+00   8.9627677639e-01   1.2009557453e+01   2.5662936546e-02
1.9993665247e+00   9.8352405554e-01   1.1850153029e+01   1.3970597492e-02
2.0004681001e+00   1.3830825889e-01   6.7040587712e+00   -1.1634835843e-01
2.0034717305e+00   7.3502743616e-01   1.1113262097e+01   3.4229419984e-02
2.0071740892e+00   4.4436442307e-01   9.5567804160e+00   6.5710842284e-02
2.0077294601e+00   5.3005088146e-01   9.7950805638e+00   5.1867299882e-02
2.0084854720e+00   1.0836156305e+00   1.2701202144e+01   9.5753398079e-03
2.0087008505e+00   1.5000000000e+00   1.3481192794e+01   -8.2261410283e-06
2.0090262046e+00   3.0998073707e-01   8.9596892213e+00   5.5823626708e-02
2.0116371890e+00   1.3415621257e+00   1.2095237474e+01   6.3088125894e-03
2.0216015411e+00   8.2195515284e-01   1.1695956156e+01   2.9068651157e-02
2.0247817139e+00   1.2606649499e+00   1.2210628364e+01   1.0098188770e-02
2.0289770610e+00   6.2730134821e-01   1.0858545106e+01   3.9503271715e-02
2.0383691419e+00   2.3522935120e-01   7.5238155635e+00   6.9030463736e-02
2.0441531357e+00   1.7518345286e-01   7.5720389915e+00   1.9223997823e-02
2.0497398981e+00   1.4175196935e+00   1.3130779924e+01   6.6053273578e-03
2.0646899624e+00   1.1673447685e+00   1.2923886077e+01   1.3639135504e-02
2.0745372129e+00   3.7125271040e-01   8.8092194692e+00   1.0853642735e-01
2.0789493299e+00   1.0040312929e+00   1.2643105535e+01   2.9443494212e-02
2.0809699112e+00   2.8805191309e-01   8.6137270977e+00   1.2494737693e-01
2.0867848750e+00   7.0875123671e-01   1.0891418307e+01   4.1913931643e-02
2.0912372021e+00   4.6038217702e-01   9.7651936032e+00   1.1347590332e-01
2.0921867986e+00   2.1358189111e-01   7.8235217118e+00   1.1852701237e-01
2.0980245359e+00   5.5295714397e-01   1.0063294238e+01   1.0152412516e-01
2.1000054347e+00   1.5000000000e+00   1.3140157236e+01   -1.3567982121e-05
2.1022847262e+00   9.0345132735e-01   1.2042555258e+01   2.5977843992e-02
2.1062824280e+00   7.9710238636e-01   1.0877777082e+01   3.1252327639e-02
2.1113763449e+00   1.3341264036e+00   1.3275275315e+01   1.0764127970e-02
2.1126283305e+00   1.2465165634e+00   1.3275952134e+01   1.2330695896e-02
2.1145165247e+00   1.0894647889e+00   1.1928109304e+01   1.8416723219e-02
2.1275399670e+00   2.6521808144e-01   8.1049348174e+00   1.4366226597e-01
2.1305716786e+00   6.3639576091e-01   1.0033735679e+01   8.2989668925e-02
2.1424373707e+00   1.4209085630e+00   1.2789245915e+01   1.3706306624e-03
2.1444601411e+00   2.2601819294e-01   8.2266673573e+00   1.7510770356e-01
2.1447183593e+00   3.2373022857e-01   8.6888029491e+00   1.9028422387e-01
2.1641978450e+00   1.1759254369e+00   1.2818449093e+01   1.6603783538e-02
2.1677109614e+00   1.0048379787e+00   1.1432270699e+01   2.9085150143e-02
2.1702196605e+00   4.8727270059e-01   1.0204593350e+01   1.1942018736e-01
2.1763086981e+00   4.0232237929e-01   9.4897016282e+00   1.7251452415e-01
2.1845491748e+00   7.2609409459e-01   1.0856409521e+01   6.6839524713e-02
2.1855551336e+00   2.6459851622e-01   7.8997663248e+00   2.0271726625e-01
2.1913100188e+00   1.5000000000e+00   1.3126289162e+01   1.0835842801e-05
2.1941662365e+00   8.2583059799e-01   1.1346506261e+01   4.6165738330e-02
2.1969676757e+00   5.6123612248e-01   9.9897024520e+00   1.3035505001e-01
2.2006662653e+00   1.2739719129e+00   1.2718604915e+01   1.8881313126e-02
2.2077970393e+00   9.2136592876e-01   1.1930343464e+01   3.9258528092e-02
2.2129865265e+00   1.0971714926e+00   1.2105887762e+01   2.3301244024e-02
2.2135861040e+00   1.3687327597e+00   1.3390902517e+01   6.6585129633e-03
2.2186854559e+00   3.2968217413e-01   8.6635249186e+00   2.5909734519e-01
2.2200083813e+00   6.3940692750e-01   1.0850177708e+01   1.1172426886e-01
2.2403558853e+00   2.7549261632e-01   8.2632404498e+00   3.1123958091e-01
2.2557647544e+00   4.7568569563e-01   9.7114195530e+00   1.5160524962e-01
2.2571237006e+00   1.1933439791e+00   1.2127355764e+01   2.5830111599e-02
2.2634630744e+00   1.0163267595e+00   1.2271042101e+01   2.6517730728e-02
2.2752503509e+00   3.8972253793e-01   9.2933280522e+00   2.0597342879e-01
2.2782103396e+00   7.6155675168e-01   1.0994675638e+01   5.1722962688e-02
2.2826146029e+00   1.5000000000e+00   1.3463511399e+01   2.7493708244e-05
2.2863235833e+00   8.5455590837e-01   1.1495074967e+01   3.9455024832e-02
2.2929730864e+00   6.6764723350e-01   1.0995867761e+01   7.6487724235e-02
2.2935818606e+00   3.1117488170e-01   8.8262869044e+00   2.4922899828e-01
2.2942655227e+00   5.6428418007e-01   1.0444829630e+01   1.1958440677e-01
2.2979741069e+00   1.4126746692e+00   1.2246084692e+01   1.1944986563e-03
2.2994774442e+00   1.3050083095e+00   1.2650443933e+01   1.5022217830e-02
2.3005144349e+00   9.4166138109e-01   1.2386299546e+01   4.1747500766e-02
2.3086589358e+00   1.1037087665e+00   1.2456232002e+01   2.6918256307e-02
2.3475623913e+00   1.2013285664e+00   1.3039123379e+01   3.0488321196e-02
2.3491906072e+00   3.7692213427e-01   9.1199243468e+00   2.5722891170e-01
2.3492241621e+00   4.5541560217e-01   1.0098708578e+01   2.2309994577e-01
2.3563481032e+00   3.1628149717e-01   8.9801960425e+00   2.4161798675e-01
2.3701168381e+00   1.0087720820e+00   1.2443057981e+01   3.5427363906e-02
2.3707074752e+00   8.0657463916e-01   9.9861157810e+00   5.4599881728e-02
2.3710592089e+00   7.1494449340e-01   1.0814795542e+01   6.2244076875e-02
2.3739191870e+00   1.5000000000e+00   1.3390213147e+01   8.7312643435e-06
2.3767840553e+00   6.1942409839e-01   1.0817782591e+01   9.5397518168e-02
2.3776758049e+00   9.0241916085e-01   1.1551162800e+01   5.2109682042e-02
2.3857735192e+00   5.3033268667e-01   1.0301249688e+01   1.3751197598e-01
2.3950380488e+00   1.3955247953e+00   1.2487757776e+01   6.7297082601e-03
2.3983542527e+00   1.1076020379e+00   1.1846873476e+01   2.0941967971e-02
2.3985021197e+00   3.5837262863e-01   9.0089193476e+00   2.0340634014e-01
2.3997707621e+00   1.2895086271e+00   1.3118572580e+01   1.6945004506e-02
2.4192492268e+00   3.1703963062e-01   9.3668381177e+00   2.2353554465e-01
2.4233219135e+00   4.1323628427e-01   9.7024137259e+00   2.0330926505e-01
2.4392434722e+00   1.1959238188e+00   1.2693891601e+01   2.4891918998e-02
2.4542871976e+00   3.5618210327e-01   8.7357706238e+00   1.7529728619e-01
2.4586562371e+00   7.5830031169e-01   1.1335265641e+01   7.6674634876e-02
2.4588818493e+00   6.7004894604e-01   1.0727106976e+01   7.5556960400e-02
2.4599242776e+00   8.5172195838e-01   1.1763045967e+01   6.7726829961e-02
2.4610564177e+00   9.4432507021e-01   1.1860574285e+01   4.8071256455e-02
2.4652237711e+00   1.5000000000e+00   1.2799063525e+01   -1.1902776179e-05
2.4671248562e+00   1.0366406655e+00   1.1882149287e+01   3.6639842095e-02
2.4678190684e+00   5.7319154802e-01   1.0272608467e+01   1.2439446431e-01
2.4680681047e+00   4.8145133834e-01   1.0062978460e+01   1.3898610393e-01
2.4836292598e+00   1.3431938590e+00   1.2478320484e+01   1.1816272841e-02
2.4910645289e+00   1.4249418898e+00   1.2863939577e+01   6.3248964479e-03
2.4911969475e+00   1.1274514857e+00   1.1799123479e+01   1.8031642682e-02
2.4970505998e+00   3.3726525698e-01   9.1529295903e+00   2.5796673959e-01
2.4972249209e+00   1.2541570294e+00   1.3149464620e+01   1.7661635341e-02
2.5036666558e+00   4.0211672988e-01   8.8384158038e+00   1.5182600210e-01
2.5370852380e+00   6.2974101843e-01   1.1158147235e+01   9.9963266074e-02
2.5401189966e+00   8.0320940451e-01   1.1123382849e+01   6.2701093932e-02
2.5470167308e+00   3.5266520293e-01   9.2991179810e+00   1.8486540969e-01
2.5479771296e+00   9.7849297812e-01   1.2234860174e+01   5.2418319072e-02
2.5551589278e+00   8.8938353981e-01   1.1672424085e+01   5.6061226537e-02
2.5555764575e+00   7.1850889901e-01   1.1008979466e+01   6.6626277403e-02
2.5565283552e+00   1.5000000000e+00   1.2877231275e+01   -3.8606991214e-06
2.5577698015e+00   4.6038589845e-01   9.4379010174e+00   1.5547330761e-01
2.5600931319e+00   1.0760727930e+00   1.2419170704e+01   2.5796372966e-02
2.5692333027e+00   5.4659579856e-01   1.0192588561e+01   1.3190282091e-01
2.5694524989e+00   1.1840618631e+00   1.2227991225e+01   2.2530469979e-02
2.5732598896e+00   1.3012217754e+00   1.3316148460e+01   1.3062368164e-02
2.5812782884e+00   1.4033327151e+00   1.2629701503e+01   7.7851249064e-03
2.5935482385e+00   3.4190349542e-01   8.8564211327e+00   1.7658911233e-01
2.6062468293e+00   4.0266908134e-01   9.2209353720e+00   1.5004573598e-01
2.6234261452e+00   6.4267259033e-01   1.1040474083e+01   9.6106520138e-02
2.6275891485e+00   1.0044258616e+00   1.2394805574e+01   4.1618893632e-02
2.6327462952e+00   8.1593467618e-01   1.1765736412e+01   5.7782682474e-02
2.6424367271e+00   3.4990014168e-01   9.0271970468e+00   1.1304496433e-01
2.6478329393e+00   1.5000000000e+00   1.3349935758e+01   1.4078261196e-05
2.6492503902e+00   1.0883886190e+00   1.2371210093e+01   2.9152884095e-02
2.6511566775e+00   4.8171477823e-01   9.9134931282e+00   8.3149037471e-02
2.6522617508e+00   1.2486603223e+00   1.3019674815e+01   1.2487961120e-02
2.6536469720e+00   9.1739644162e-01   1.1855255540e+01   5.4577030757e-02
2.6546045032e+00   7.2542726236e-01   1.1194390868e+01   7.0784559009e-02
2.6580598934e+00   2.9186013468e-01   8.8210771510e+00   1.3422513576e-01
2.6597497646e+00   1.3432678555e+00   1.2393242565e+01   7.2060696683e-03
2.6646799268e+00   5.7159836189e-01   1.0141803166e+01   8.3740046914e-02
2.6688562619e+00   1.1667551881e+00   1.2890209480e+01   1.9171334293e-02
2.6753961872e+00   1.4259795760e+00   1.2931895557e+01   3.0844082867e-03
2.6872333541e+00   4.0468755124e-01   9.1337153946e+00   1.1222261317e-01
2.6883456075e+00   3.4121421544e-01   9.1842046395e+00   1.0525710990e-01
2.7167613994e+00   1.0085811342e+00   1.2367539755e+01   3.1454929297e-02
2.7244384491e+00   8.4552620391e-01   1.2005090831e+01   3.7683531307e-02
2.7290018634e+00   6.5816606940e-01   1.0702737820e+01   4.8766935868e-02
2.7361507867e+00   1.2952945667e+00   1.2631197610e+01   7.8237557054e-03
2.7363781923e+00   3.4145681549e-01   8.9946783387e+00   6.8576201260e-02
2.7372273870e+00   2.8763881458e-01   8.5135618685e+00   6.2677962365e-02
2.7391375235e+00   1.5000000000e+00   1.2935041963e+01   -2.2526424602e-05
2.7407788710e+00   7.5842946428e-01   1.1554649215e+01   4.6718587964e-02
2.7443222504e+00   1.0997648411e+00   1.2520633268e+01   2.2196494505e-02
2.7473556265e+00   4.7691479301e-01   1.0535439704e+01   8.5182555461e-02
2.7482108799e+00   5.6366437575e-01   1.0881358816e+01   6.0142613818e-02
2.7549253408e+00   1.2018463338e+00   1.2573276069e+01   1.5068401553e-02
2.7559252238e+00   1.3928750857e+00   1.2217739530e+01   -2.4843301189e-03
2.7566434888e+00   9.2695040328e-01   1.1863054429e+01   3.1240528060e-02
2.7611063186e+00   4.0962753845e-01   9.6672661505e+00   8.5351283650e-02
2.7746110176e+00   3.6431931614e-01   8.9817169465e+00   4.0313124061e-02
2.7976135197e+00   3.3049132318e-01   8.7955775241e+00   4.3236771553e-02
2.8076154951e+00   2.8578585821e-01   9.1674466840e+00   1.3339757810e-02
2.8202683475e+00   1.0124977077e+00   1.2234026021e+01   2.3639912122e-02
2.8235595663e+00   3.8170685403e-01   8.7917546604e+00   3.4225159511e-02
2.8253183424e+00   8.2072622869e-01   1.1963735188e+01   3.4927519699e-02
2.8268998423e+00   1.3030995287e+00   1.2387780997e+01   5.2380481368e-03
2.8270988984e+00   7.1636030110e-01   1.1255293733e+01   3.0305796310e-02
2.8273617886e+00   6.2430641572e-01   1.0930096625e+01   3.8153631329e-02
2.8304421076e+00   1.5000000000e+00   1.3472659146e+01   -2.0899478175e-05
2.8333521074e+00   1.1095376516e+00   1.2009469555e+01   2.1172793160e-02
2.8338087852e+00   5.3244458368e-01   1.0482181674e+01   4.1818115749e-02
2.8395705143e+00   4.4817598778e-01   9.9008518764e+00   4.8550361269e-02
2.8398854358e+00   1.4003410096e+00   1.3221106522e+01   -3.0832677395e-03
2.8402975694e+00   9.1733078371e-01   1.2316511767e+01   3.7303111090e-02
2.8440775886e+00   1.2049751934e+00   1.2676848267e+01   1.4970542468e-02
2.8538210510e+00   3.3160077868e-01   9.0101055898e+00   1.5568658803e-02
2.8763356525e+00   3.7920727576e-01   9.4954607347e+00   1.8069876610e-02
2.8822759050e+00   2.8593321649e-01   8.6456101879e+00   -1.8140763281e-02
2.9217466917e+00   3.2774437416e-01   8.8805577161e+00   -1.3037395573e-02
2.9217466917e+00   3.7358285014e-01   9.5950753695e+00   2.5061760587e-03
2.9217466917e+00   4.3379717655e-01   9.8449704716e+00   1.9382327756e-02
2.9217466917e+00   5.0915114289e-01   1.0435511788e+01   1.8483146674e-02
2.9217466917e+00   5.8766544295e-01   1.0959493311e+01   3.4103309266e-02
2.9217466917e+00   6.6489844350e-01   1.1119281954e+01   1.5638092444e-02
2.9217466917e+00   7.4112469792e-01   1.1038691735e+01   7.8354224637e-03
2.9217466917e+00   8.1706144255e-01   1.2030152143e+01   2.0940797230e-02
2.9217466917e+00   8.9294812234e-01   1.2529146776e+01   1.8462889768e-02
2.9217466917e+00   9.6882981056e-01   1.2432830929e+01   3.0504430705e-02
2.9217466917e+00   1.0447112662e+00   1.2696105664e+01   1.6464494433e-02
2.9217466917e+00   1.1205927218e+00   1.2660920660e+01   5.2086271099e-03
2.9217466917e+00   1.1964741775e+00   1.3009071591e+01   9.8744471133e-03
2.9217466917e+00   1.2723556331e+00   1.2479273649e+01   2.1730516818e-03
2.9217466917e+00   1.3482370887e+00   1.2994295477e+01   3.0249181833e-03
2.9217466917e+00   1.4241185444e+00   1.2553966268e+01   -1.1743113825e-02
2.9217466917e+00   1.5000000000e+00   1.3273890428e+01   6.6573332074e-06
3.0000000000e+00   3.2775558478e-01   9.3456666809e+00   -3.3903047761e-02
3.0000000000e+00   3.7359369109e-01   9.9667273537e+00   -2.0992616023e-02
3.0000000000e+00   4.3380890899e-01   1.0281354745e+01   -7.7233508635e-03
3.0000000000e+00   5.0916253194e-01   1.0331697180e+01   7.6056556816e-03
3.0000000000e+00   5.8767543696e-01   1.1268185280e+01   1.1642092833e-02
3.0000000000e+00   6.6490730416e-01   1.1367474425e+01   8.0253705448e-03
3.0000000000e+00   7.4113266960e-01   1.1447356832e+01   6.6139328049e-03
3.0000000000e+00   8.1706860206e-01   1.1955181077e+01   4.0312005428e-03
3.0000000000e+00   8.9295448481e-01   1.2210489720e+01   7.4434953234e-03
3.0000000000e+00   9.6883537766e-01   1.2629286417e+01   1.5929890577e-03
3.0000000000e+00   1.0447160380e+00   1.2845179335e+01   4.5649615461e-03
3.0000000000e+00   1.1205966983e+00   1.2785534400e+01   3.6388030236e-03
3.0000000000e+00   1.1964773587e+00   1.2888013969e+01   3.3763143396e-03
3.0000000000e+00   1.2723580190e+00   1.2639197747e+01   1.0719919328e-03
3.0000000000e+00   1.3482386793e+00   1.2928839258e+01   7.0381767590e-04
3.0000000000e+00   1.4241193397e+00   1.3191656134e+01   6.8061831340e-03
3.0000000000e+00   1.5000000000e+00   1.3381838800e+01   3.1608837594e-06
